5.150004619958890029e-01
3.543333464938925315e-01
2.537489045135988830e-01
3.400017443661881300e-01
4.611642906554315191e-01
2.630911590423795632e-01
-1.390798679633054591e-01
2.262632359652462233e-01
2.537489045135988830e-01
3.025049369859684201e-01
-4.405444712746129921e-01
-5.886358319479683132e-01
-4.907348601706861269e-01
1.212515255614978055e-01
-7.418053940830844628e-02
1.865010504633776989e-01
4.344040410204774161e-01
5.150004619958890029e-01
3.968432765712194832e-01
7.267197882589634395e-01
7.322532954008210693e-01
6.184643342537936572e-01
8.684447720116099667e-01
7.295436173152295423e-01
8.973698015433246855e-01
7.464528926547342458e-01
9.115417216784121868e-01
5.128096933181054418e-01
5.150004619958890029e-01
3.569243183462152413e-01
2.630911590423795632e-01
7.295436173152295423e-01
3.496465985308208069e-01
5.872729951058398568e-01
4.546433263062231722e-01
2.630911590423795632e-01
6.300107259516258829e-01
4.985431939369419085e-01
4.611642906554315191e-01
6.473680770584021582e-01
8.294562076949774099e-01
9.015411930156944642e-01
7.295436173152295423e-01
3.968432765712194832e-01
4.511832395095776715e-01
1.967469720392253929e-01
3.968432765712194832e-01
7.070013100297416475e-01
4.985431939369419085e-01
3.350888298380599317e-01
2.244289111286166816e-01
3.400017443661881300e-01
9.625570135780818493e-02
3.184546458117311629e-01
2.317350391187954217e-02
3.184546458117311629e-01
3.795019932461003997e-01
2.440763623346922373e-01
7.464528926547342458e-01
7.859038398355774335e-01
8.294562076949774099e-01
1.724166622266411208e-01
1.212515255614978055e-01
2.317350391187954217e-02
2.244289111286166816e-01
1.982460369894035179e-01
4.001043945280269125e-03
-1.956303701159307351e-01
-3.350949124405074864e-01
-1.956303701159307351e-01
1.283872276866232336e-02
-4.015385860542919905e-01
-1.250676780718705527e-01
1.212515255614978055e-01
5.223625271737907250e-01
-7.418053940830844628e-02
2.630911590423795632e-01
4.319078647816585459e-01
7.742803509388506145e-01
7.497231983810677125e-01
7.742803509388506145e-01
7.331778964747091010e-01
6.739184381727864048e-01
4.985431939369419085e-01
7.331778964747091010e-01
8.897371582069653062e-01
9.680186245159393410e-01
1.002908403427343886e+00
1.002908403427343886e+00
1.068092343593336491e+00
1.104365109639005915e+00
1.006077678512527829e+00
8.737191855581895039e-01
1.006077678512527829e+00
3.670825001104338625e-01
2.606603394290304410e-01
5.517266786954491131e-01
8.294562076949774099e-01
6.184643342537936572e-01
6.184643342537936572e-01
8.337305651924481475e-01
7.859038398355774335e-01
7.464528926547342458e-01
7.267197882589634395e-01
8.294562076949774099e-01
9.680186245159393410e-01
1.201817107012134622e+00
1.355459493561162132e+00
1.226372897593466682e+00
9.368144301783736250e-01
7.966478475791364255e-01
8.684447720116099667e-01
1.117736597955131472e+00
-8.717487948878137327e-02
-3.242787476085843279e-01
-4.195445572782143806e-01
-1.956303701159307351e-01
-2.016378458811331209e-01
1.989913322785908378e-01
2.262632359652462233e-01
1.967469720392253929e-01
-7.718277422760853879e-02
-1.963575416509161231e-01
4.213197372386960349e-01
2.317350391187954217e-02
2.317350391187954217e-02
3.670825001104338625e-01
4.541965792465125773e-01
7.742803509388506145e-01
4.371583372048389315e-01
9.115417216784121868e-01
1.226372897593466682e+00
1.226372897593466682e+00
1.104716733276345009e+00
1.043812083656961986e+00
9.876412893141062188e-01
1.006077678512527829e+00
6.739184381727864048e-01
1.151544563634212315e+00
7.742803509388506145e-01
1.002908403427343886e+00
-1.023167923026035098e+00
-1.228244029329143006e+00
4.949131180118747086e-01
7.914425676025516054e-01
-1.228244029329143006e+00
7.322532954008210693e-01
4.308374182644741368e-01
7.147382858625438429e-01
-2.421329304354574052e+00
-2.770208849612666224e+00
-1.473254587648252123e+00
-1.023167923026035098e+00
-1.897832321242799658e+00
-1.642575812837032689e+00
-2.544662200400539476e+00
-2.301167350342275597e+00
-1.897832321242799658e+00
-1.775735803102801436e+00
-2.469756906386733064e+00
-2.770208849612666224e+00
-1.285013720221807487e+00
-7.995756743262982802e-01
-2.492693936015104861e-01
-1.963575416509161231e-01
2.440763623346922373e-01
7.322532954008210693e-01
6.560700922475312113e-01
5.917163924065744762e-01
8.737191855581895039e-01
1.226372897593466682e+00
7.788243032465593796e-01
2.723272444816519644e-01
9.368144301783736250e-01
1.226372897593466682e+00
7.966478475791364255e-01
9.988112380217197828e-01
1.254719476800759015e+00
3.753601993443244078e-01
9.143679461085096882e-01
6.473680770584021582e-01
1.006077678512527829e+00
1.068092343593336491e+00
1.212515255614978055e-01
6.473680770584021582e-01
7.788243032465593796e-01
9.608209549927256843e-01
4.213197372386960349e-01
7.070013100297416475e-01
4.586579064017417551e-01
7.675487226181960665e-01
9.015411930156944642e-01
7.914425676025516054e-01
4.352749276315126536e-01
4.727297576433914239e-01
2.775846025940514883e-01
1.860670601494026077e-01
3.794996080680345663e-01
-6.988344733697063882e-01
2.537489045135988830e-01
-6.182331962432010414e-02
1.967469720392253929e-01
2.262632359652462233e-01
-1.529159904430954786e-01
-4.694474526958021809e-01
4.001043945280269125e-03
-4.015385860542919905e-01
-1.787107301056672093e-01
-4.405444712746129921e-01
-8.373405505682336436e-01
-2.544662200400539476e+00
-1.119582836240650581e+00
-4.015385860542919905e-01
4.001043945280269125e-03
-1.956303701159307351e-01
2.371722539354240711e-01
2.630911590423795632e-01
3.968432765712194832e-01
6.560700922475312113e-01
3.184546458117311629e-01
7.859038398355774335e-01
8.737191855581895039e-01
-2.016378458811331209e-01
-2.496909675464372036e+00
-5.076368996564089020e-01
6.473680770584021582e-01
3.543333464938925315e-01
8.684447720116099667e-01
4.777385650207977563e-01
7.533814180083640843e-02
2.507969015144298486e-02
-1.085668277882636090e+00
-1.852834501346493967e+00
-1.590507978774315490e+00
-1.004498648014664264e+00
-6.988344733697063882e-01
-8.052482990669560525e-01
-1.390798679633054591e-01
9.625570135780818493e-02
1.212515255614978055e-01
2.244289111286166816e-01
3.670825001104338625e-01
-7.995756743262982802e-01
-2.301167350342275597e+00
-2.301167350342275597e+00
-1.128761250964106733e+00
-1.119582836240650581e+00
-8.052482990669560525e-01
-5.497638871596129961e-01
-4.647262428163726478e-01
4.213197372386960349e-01
6.968991702441708069e-01
2.537489045135988830e-01
2.317350391187954217e-02
-1.023167923026035098e+00
-3.145386317752889016e-01
1.924179210310724697e-01
4.985431939369419085e-01
-4.405444712746129921e-01
1.701656071222470978e-01
2.317350391187954217e-02
5.019960148971155389e-01
6.140890390157929257e-01
1.967469720392253929e-01
-2.134563528383099651e-01
9.015411930156944642e-01
1.104716733276345009e+00
3.496465985308208069e-01
3.350888298380599317e-01
-1.956303701159307351e-01
2.466644302957828050e-01
-4.015385860542919905e-01
1.283872276866232336e-02
9.625570135780818493e-02
-6.182331962432010414e-02
-6.988344733697063882e-01
-2.134563528383099651e-01
-6.015049768614023629e-01
-1.022834598069159995e+00
-1.119582836240650581e+00
-5.076368996564089020e-01
-1.023167923026035098e+00
-1.022834598069159995e+00
-1.119582836240650581e+00
-8.373405505682336436e-01
-1.119582836240650581e+00
-6.988344733697063882e-01
1.727211615126782521e-02
-1.250676780718705527e-01
-1.128761250964106733e+00
-7.010850278883212772e-01
-6.988344733697063882e-01
1.409365395034753964e-02
4.985431939369419085e-01
2.507969015144298486e-02
1.865010504633776989e-01
4.949131180118747086e-01
7.322532954008210693e-01
7.859038398355774335e-01
6.473680770584021582e-01
2.466644302957828050e-01
7.249119259924474701e-01
1.982460369894035179e-01
-1.004498648014664264e+00
-1.590507978774315490e+00
-2.469756906386733064e+00
-1.023167923026035098e+00
-2.770208849612666224e+00
-4.907348601706861269e-01
-2.770208849612666224e+00
-1.698998855672748443e+00
-3.391041988128833951e-01
-6.988344733697063882e-01
-1.529159904430954786e-01
1.901712541536671186e-01
-1.250676780718705527e-01
3.856636367953549249e-01
4.541965792465125773e-01
4.511832395095776715e-01
1.724166622266411208e-01
1.441738427726117489e-01
3.341874199292541592e-01
5.917163924065744762e-01
7.464528926547342458e-01
8.385549891164698622e-01
2.466644302957828050e-01
-2.496909675464372036e+00
-3.350949124405074864e-01
3.400017443661881300e-01
-2.544662200400539476e+00
1.409365395034753964e-02
1.967469720392253929e-01
7.791148425286875678e-02
5.242007408640934202e-02
-7.718277422760853879e-02
-6.182331962432010414e-02
-1.250676780718705527e-01
3.543333464938925315e-01
4.371722988418813571e-01
4.213197372386960349e-01
2.262632359652462233e-01
1.982460369894035179e-01
4.839969963029205902e-01
7.147382858625438429e-01
4.344040410204774161e-01
6.739184381727864048e-01
7.295436173152295423e-01
3.856636367953549249e-01
3.856636367953549249e-01
4.308374182644741368e-01
2.723272444816519644e-01
9.625570135780818493e-02
2.723272444816519644e-01
6.300107259516258829e-01
-6.520797794381472112e-01
-6.557261870251877012e-01
2.174108082350324767e-01
-4.405444712746129921e-01
-2.207327372096217488e-01
1.011996276987470855e+00
1.254719476800759015e+00
-3.350949124405074864e-01
7.791148425286875678e-02
6.140890390157929257e-01
2.262632359652462233e-01
8.684447720116099667e-01
7.295436173152295423e-01
3.856636367953549249e-01
-1.390798679633054591e-01
7.267197882589634395e-01
1.698809801531584895e+00
2.775846025940514883e-01
3.569243183462152413e-01
6.473680770584021582e-01
6.957181152841708238e-01
9.988112380217197828e-01
6.296590432552048311e-01
1.135634261529658184e+00
8.973698015433246855e-01
7.791148425286875678e-02
-1.773704378091785494e-01
3.794996080680345663e-01
6.300107259516258829e-01
8.737191855581895039e-01
6.473680770584021582e-01
4.949131180118747086e-01
4.541965792465125773e-01
9.988112380217197828e-01
7.070013100297416475e-01
6.075578409279900338e-01
6.473680770584021582e-01
3.543333464938925315e-01
5.322606879240959765e-01
3.350888298380599317e-01
7.322532954008210693e-01
-3.507230671079911155e-01
2.466644302957828050e-01
6.417287931840426340e-01
7.147382858625438429e-01
5.322606879240959765e-01
5.242007408640934202e-02
-6.309193336446602407e-01
-1.529159904430954786e-01
4.308374182644741368e-01
6.148956376778345057e-01
-2.016378458811331209e-01
3.509261555142995093e-02
4.001043945280269125e-03
-1.956303701159307351e-01
-1.642575812837032689e+00
-1.319237777124408151e+00
-6.557261870251877012e-01
1.989913322785908378e-01
4.949131180118747086e-01
-2.134563528383099651e-01
-3.350949124405074864e-01
-4.694474526958021809e-01
6.844470682975506426e-02
-3.145386317752889016e-01
-1.940751278588961348e+00
-5.076368996564089020e-01
2.174108082350324767e-01
1.982460369894035179e-01
-1.473254587648252123e+00
-1.319237777124408151e+00
-1.421080119459410485e+00
-1.002755537640627637e+00
-8.052482990669560525e-01
-1.004498648014664264e+00
-1.698998855672748443e+00
-1.852834501346493967e+00
-2.544662200400539476e+00
-1.590507978774315490e+00
-1.026986893209166141e+00
-4.647262428163726478e-01
2.507969015144298486e-02
-4.195445572782143806e-01
-4.405444712746129921e-01
-1.119582836240650581e+00
-7.995756743262982802e-01
-7.718277422760853879e-02
-1.004498648014664264e+00
-8.052482990669560525e-01
-1.773704378091785494e-01
2.317350391187954217e-02
2.466644302957828050e-01
1.901712541536671186e-01
-6.691700119124953661e-01
-1.787107301056672093e-01
5.324571219691375257e-01
7.295436173152295423e-01
7.453415287233017272e-01
6.897358694605056906e-01
7.859038398355774335e-01
6.027475582635642981e-01
6.075578409279900338e-01
4.371583372048389315e-01
6.473680770584021582e-01
4.586579064017417551e-01
5.019960148971155389e-01
-1.090923408660099625e+00
-1.852834501346493967e+00
-1.319237777124408151e+00
-1.228244029329143006e+00
-1.775735803102801436e+00
-1.004498648014664264e+00
-3.145386317752889016e-01
-1.022834598069159995e+00
-6.520797794381472112e-01
-6.520797794381472112e-01
-6.691700119124953661e-01
-2.353672836978827121e+00
-1.770746729546717857e+00
-8.052482990669560525e-01
1.409365395034753964e-02
-6.679859593836720011e-01
-1.775735803102801436e+00
-1.128761250964106733e+00
-1.128761250964106733e+00
-2.421329304354574052e+00
-2.421329304354574052e+00
-1.590507978774315490e+00
-2.469756906386733064e+00
-2.544662200400539476e+00
-1.469585017480015576e+00
1.727211615126782521e-02
1.865010504633776989e-01
2.507969015144298486e-02
-6.182331962432010414e-02
4.949131180118747086e-01
-3.242787476085843279e-01
9.625570135780818493e-02
4.352749276315126536e-01
5.517266786954491131e-01
3.670825001104338625e-01
6.027475582635642981e-01
4.249132015530651119e-01
4.586579064017417551e-01
4.511832395095776715e-01
3.856636367953549249e-01
5.150004619958890029e-01
1.982460369894035179e-01
-1.897832321242799658e+00
-1.002755537640627637e+00
-6.520797794381472112e-01
-7.418053940830844628e-02
1.409365395034753964e-02
-1.085668277882636090e+00
-6.309193336446602407e-01
2.371722539354240711e-01
-1.529159904430954786e-01
3.184546458117311629e-01
6.739184381727864048e-01
-4.907348601706861269e-01
6.417287931840426340e-01
7.905509800102135110e-01
1.002908403427343886e+00
1.261182982375502748e+00
1.043812083656961986e+00
1.117180107418256574e+00
7.331778964747091010e-01
8.973698015433246855e-01
3.184546458117311629e-01
-4.015385860542919905e-01
-1.775735803102801436e+00
-6.988344733697063882e-01
1.901712541536671186e-01
4.541965792465125773e-01
-1.642575812837032689e+00
-6.015049768614023629e-01
-6.679859593836720011e-01
-1.250676780718705527e-01
3.856636367953549249e-01
3.400017443661881300e-01
-1.940751278588961348e+00
-2.469756906386733064e+00
-3.350949124405074864e-01
-1.642575812837032689e+00
-1.119582836240650581e+00
-2.301167350342275597e+00
-2.770208849612666224e+00
-1.174077956529650635e+00
-5.886358319479683132e-01
-1.060496507031946978e+00
-3.145386317752889016e-01
3.794996080680345663e-01
3.025049369859684201e-01
-6.026581740527518077e-02
2.466644302957828050e-01
5.128096933181054418e-01
-1.469585017480015576e+00
-4.694474526958021809e-01
6.844470682975506426e-02
-4.195445572782143806e-01
-6.309193336446602407e-01
-2.353672836978827121e+00
-2.544662200400539476e+00
-1.852834501346493967e+00
-1.012415820667968758e+00
-6.691700119124953661e-01
-3.507230671079911155e-01
-3.145482029289934922e-01
-2.421329304354574052e+00
-1.228244029329143006e+00
-4.195445572782143806e-01
1.982460369894035179e-01
2.317350391187954217e-02
2.466644302957828050e-01
-2.623648656439705462e-01
-5.497638871596129961e-01
-6.988344733697063882e-01
7.533814180083640843e-02
5.150004619958890029e-01
1.924179210310724697e-01
2.630911590423795632e-01
-1.963575416509161231e-01
1.804107545858966433e-01
-1.250676780718705527e-01
1.989913322785908378e-01
-2.623648656439705462e-01
-6.679859593836720011e-01
-1.285013720221807487e+00
-2.301167350342275597e+00
-2.544662200400539476e+00
-2.469756906386733064e+00
-1.469585017480015576e+00
-5.497638871596129961e-01
-1.642575812837032689e+00
-2.301167350342275597e+00
-1.228244029329143006e+00
-1.897832321242799658e+00
-2.301167350342275597e+00
-2.301167350342275597e+00
-2.353672836978827121e+00
-1.285013720221807487e+00
6.844470682975506426e-02
-6.691700119124953661e-01
-4.647262428163726478e-01
-1.963575416509161231e-01
-1.022834598069159995e+00
3.794996080680345663e-01
-2.137172694752619562e-01
3.960853061165585109e-01
8.897371582069653062e-01
9.988112380217197828e-01
3.960853061165585109e-01
-2.207327372096217488e-01
-1.119582836240650581e+00
-6.679859593836720011e-01
-8.717487948878137327e-02
1.865010504633776989e-01
4.001043945280269125e-03
-3.145482029289934922e-01
-1.421080119459410485e+00
-2.301167350342275597e+00
-5.497638871596129961e-01
-1.002755537640627637e+00
-1.023167923026035098e+00
-8.373405505682336436e-01
-1.590507978774315490e+00
-2.469756906386733064e+00
-2.770208849612666224e+00
-1.319237777124408151e+00
-1.004498648014664264e+00
-8.373405505682336436e-01
-1.897832321242799658e+00
-1.228244029329143006e+00
-2.421329304354574052e+00
-2.421329304354574052e+00
-2.421329304354574052e+00
-1.128761250964106733e+00
-1.228244029329143006e+00
-1.775735803102801436e+00
-1.590507978774315490e+00
-1.897832321242799658e+00
-5.497638871596129961e-01
-2.134563528383099651e-01
3.400017443661881300e-01
1.967469720392253929e-01
3.509261555142995093e-02
2.262632359652462233e-01
2.174108082350324767e-01
3.509261555142995093e-02
1.865010504633776989e-01
-7.995756743262982802e-01
-2.770208849612666224e+00
-1.228244029329143006e+00
-4.405444712746129921e-01
-1.085668277882636090e+00
-1.004498648014664264e+00
-1.026986893209166141e+00
-3.145386317752889016e-01
-1.004498648014664264e+00
-1.128761250964106733e+00
-1.128761250964106733e+00
-1.852834501346493967e+00
-2.770208849612666224e+00
-2.544662200400539476e+00
-1.852834501346493967e+00
-8.373405505682336436e-01
-6.309193336446602407e-01
-1.250676780718705527e-01
-7.718277422760853879e-02
4.001043945280269125e-03
2.371722539354240711e-01
-6.309193336446602407e-01
8.063592352319902401e-02
-3.242787476085843279e-01
3.670825001104338625e-01
1.283872276866232336e-02
5.128096933181054418e-01
-2.492693936015104861e-01
3.184546458117311629e-01
6.148956376778345057e-01
-2.016378458811331209e-01
3.400017443661881300e-01
3.341874199292541592e-01
5.517266786954491131e-01
-6.777244160626385572e-01
1.409365395034753964e-02
2.440763623346922373e-01
2.630911590423795632e-01
3.184546458117311629e-01
3.670825001104338625e-01
1.865010504633776989e-01
-1.956303701159307351e-01
-6.557261870251877012e-01
-4.647262428163726478e-01
-1.956303701159307351e-01
-3.145386317752889016e-01
2.466644302957828050e-01
5.517266786954491131e-01
-3.145482029289934922e-01
-7.639909902111148288e-01
-1.852834501346493967e+00
2.537489045135988830e-01
-3.391041988128833951e-01
2.262632359652462233e-01
1.212515255614978055e-01
1.860670601494026077e-01
-5.497638871596129961e-01
-1.085668277882636090e+00
-1.002755537640627637e+00
-2.016378458811331209e-01
-3.391041988128833951e-01
-2.492693936015104861e-01
1.989913322785908378e-01
3.960853061165585109e-01
5.019960148971155389e-01
7.533814180083640843e-02
2.262632359652462233e-01
2.537489045135988830e-01
1.724166622266411208e-01
-8.717487948878137327e-02
1.701656071222470978e-01
4.949131180118747086e-01
4.308374182644741368e-01
1.901712541536671186e-01
-3.242787476085843279e-01
7.533814180083640843e-02
2.606603394290304410e-01
1.804107545858966433e-01
2.894156644824684155e-01
-7.718277422760853879e-02
4.308374182644741368e-01
-3.145386317752889016e-01
1.283872276866232336e-02
1.967469720392253929e-01
2.537489045135988830e-01
-1.085668277882636090e+00
-5.076368996564089020e-01
-4.405444712746129921e-01
-2.492693936015104861e-01
9.625570135780818493e-02
-2.134563528383099651e-01
-2.623648656439705462e-01
-2.134563528383099651e-01
9.625570135780818493e-02
-6.015049768614023629e-01
-5.497638871596129961e-01
-6.777244160626385572e-01
-1.421080119459410485e+00
-4.694474526958021809e-01
3.350888298380599317e-01
2.775846025940514883e-01
-4.015385860542919905e-01
-6.015049768614023629e-01
-1.228244029329143006e+00
-6.520797794381472112e-01
9.625570135780818493e-02
1.989913322785908378e-01
-1.956303701159307351e-01
1.982460369894035179e-01
-6.027283482538853265e-01
-2.469756906386733064e+00
-1.642575812837032689e+00
-8.373405505682336436e-01
-1.390798679633054591e-01
-2.134563528383099651e-01
2.244289111286166816e-01
-1.250676780718705527e-01
-6.182331962432010414e-02
-2.207327372096217488e-01
-6.026581740527518077e-02
7.791148425286875678e-02
-8.717487948878137327e-02
-6.988344733697063882e-01
-1.128761250964106733e+00
-4.907348601706861269e-01
-4.405444712746129921e-01
1.283872276866232336e-02
2.507969015144298486e-02
-3.391041988128833951e-01
-3.145386317752889016e-01
-4.195445572782143806e-01
-2.421329304354574052e+00
-2.469756906386733064e+00
-1.698998855672748443e+00
-2.492693936015104861e-01
8.063592352319902401e-02
-3.145482029289934922e-01
1.804107545858966433e-01
3.025049369859684201e-01
3.350888298380599317e-01
-1.250676780718705527e-01
-5.886358319479683132e-01
-6.309193336446602407e-01
-4.015385860542919905e-01
-1.004498648014664264e+00
-2.496909675464372036e+00
-1.319237777124408151e+00
-1.319237777124408151e+00
-1.004498648014664264e+00
-1.897832321242799658e+00
-2.496909675464372036e+00
-1.852834501346493967e+00
-2.353672836978827121e+00
-2.496909675464372036e+00
-1.128761250964106733e+00
-3.507230671079911155e-01
1.212515255614978055e-01
-1.250676780718705527e-01
1.924179210310724697e-01
1.901712541536671186e-01
3.509261555142995093e-02
-7.995756743262982802e-01
-8.052482990669560525e-01
-1.773704378091785494e-01
8.063592352319902401e-02
-6.679859593836720011e-01
-1.642575812837032689e+00
-1.002755537640627637e+00
-2.016378458811331209e-01
2.317350391187954217e-02
3.341874199292541592e-01
3.670825001104338625e-01
1.441738427726117489e-01
5.517266786954491131e-01
6.473680770584021582e-01
8.119998077833300298e-01
7.453415287233017272e-01
3.960853061165585109e-01
7.070013100297416475e-01
7.453415287233017272e-01
8.684447720116099667e-01
1.989913322785908378e-01
2.775846025940514883e-01
3.350888298380599317e-01
5.517266786954491131e-01
3.184546458117311629e-01
2.371722539354240711e-01
1.860670601494026077e-01
5.324571219691375257e-01
3.341874199292541592e-01
1.860670601494026077e-01
4.586579064017417551e-01
-2.623648656439705462e-01
1.967469720392253929e-01
2.174108082350324767e-01
-7.718277422760853879e-02
2.466644302957828050e-01
4.586579064017417551e-01
4.319078647816585459e-01
2.317350391187954217e-02
-4.647262428163726478e-01
-1.787107301056672093e-01
-6.309193336446602407e-01
-2.421329304354574052e+00
-2.496909675464372036e+00
-1.128761250964106733e+00
-1.770746729546717857e+00
-2.469756906386733064e+00
-2.544662200400539476e+00
-1.023167923026035098e+00
-1.773704378091785494e-01
-4.195445572782143806e-01
4.001043945280269125e-03
4.308374182644741368e-01
1.901712541536671186e-01
7.533814180083640843e-02
-1.026986893209166141e+00
-5.497638871596129961e-01
-3.145386317752889016e-01
6.844470682975506426e-02
-3.242787476085843279e-01
-1.787107301056672093e-01
-6.557261870251877012e-01
-1.250676780718705527e-01
1.860670601494026077e-01
-6.988344733697063882e-01
-1.897832321242799658e+00
-1.022834598069159995e+00
4.949131180118747086e-01
-2.134563528383099651e-01
1.901712541536671186e-01
3.341874199292541592e-01
7.453415287233017272e-01
1.724166622266411208e-01
-1.128761250964106733e+00
-6.679859593836720011e-01
1.409365395034753964e-02
-1.228244029329143006e+00
-1.529159904430954786e-01
1.804107545858966433e-01
-7.718277422760853879e-02
1.441738427726117489e-01
1.283872276866232336e-02
2.537489045135988830e-01
1.865010504633776989e-01
3.795019932461003997e-01
2.317350391187954217e-02
-1.250676780718705527e-01
3.670825001104338625e-01
1.982460369894035179e-01
1.860670601494026077e-01
-2.016378458811331209e-01
-8.717487948878137327e-02
3.509261555142995093e-02
-1.698998855672748443e+00
-2.770208849612666224e+00
-2.469756906386733064e+00
-1.119582836240650581e+00
-1.319237777124408151e+00
-1.529159904430954786e-01
-4.647262428163726478e-01
2.317350391187954217e-02
-8.717487948878137327e-02
1.860670601494026077e-01
6.844470682975506426e-02
-1.250676780718705527e-01
1.989913322785908378e-01
5.242007408640934202e-02
-1.022834598069159995e+00
-5.886358319479683132e-01
-4.694474526958021809e-01
-1.119582836240650581e+00
-2.301167350342275597e+00
-1.022834598069159995e+00
-1.963575416509161231e-01
-5.497638871596129961e-01
-7.010850278883212772e-01
-1.897832321242799658e+00
-2.469756906386733064e+00
-1.421080119459410485e+00
-4.694474526958021809e-01
-4.405444712746129921e-01
-2.134563528383099651e-01
-3.391041988128833951e-01
-4.647262428163726478e-01
-1.963575416509161231e-01
4.001043945280269125e-03
1.967469720392253929e-01
2.371722539354240711e-01
-1.119582836240650581e+00
-3.507230671079911155e-01
1.441738427726117489e-01
1.701656071222470978e-01
1.701656071222470978e-01
-2.207327372096217488e-01
-6.679859593836720011e-01
-6.777244160626385572e-01
-7.995756743262982802e-01
-5.886358319479683132e-01
-4.647262428163726478e-01
-4.015385860542919905e-01
-6.027283482538853265e-01
-6.182331962432010414e-02
-2.492693936015104861e-01
1.441738427726117489e-01
7.267197882589634395e-01
7.905509800102135110e-01
6.140890390157929257e-01
4.839969963029205902e-01
8.337305651924481475e-01
5.517266786954491131e-01
2.317350391187954217e-02
5.242007408640934202e-02
3.509261555142995093e-02
-7.639909902111148288e-01
2.537489045135988830e-01
1.212515255614978055e-01
5.242007408640934202e-02
3.496465985308208069e-01
4.777385650207977563e-01
-1.228244029329143006e+00
-1.590507978774315490e+00
-2.623648656439705462e-01
-1.023167923026035098e+00
-1.128761250964106733e+00
-6.309193336446602407e-01
-1.119582836240650581e+00
-7.995756743262982802e-01
-3.145482029289934922e-01
-2.207327372096217488e-01
-1.963575416509161231e-01
-5.886358319479683132e-01
-8.373405505682336436e-01
-5.076368996564089020e-01
-1.642575812837032689e+00
-2.544662200400539476e+00
-1.698998855672748443e+00
-4.647262428163726478e-01
1.724166622266411208e-01
-8.717487948878137327e-02
2.317350391187954217e-02
1.901712541536671186e-01
3.350888298380599317e-01
2.606603394290304410e-01
-3.145386317752889016e-01
-1.228244029329143006e+00
-1.529159904430954786e-01
4.949131180118747086e-01
1.901712541536671186e-01
1.212515255614978055e-01
-6.988344733697063882e-01
-3.145482029289934922e-01
-1.529159904430954786e-01
1.212515255614978055e-01
3.400017443661881300e-01
3.509261555142995093e-02
3.569243183462152413e-01
2.775846025940514883e-01
4.213197372386960349e-01
-7.418053940830844628e-02
-4.647262428163726478e-01
-3.242787476085843279e-01
-4.907348601706861269e-01
1.283872276866232336e-02
1.724166622266411208e-01
3.341874199292541592e-01
-1.250676780718705527e-01
3.968432765712194832e-01
7.147382858625438429e-01
1.254719476800759015e+00
8.337305651924481475e-01
1.117180107418256574e+00
1.254719476800759015e+00
-3.507230671079911155e-01
5.517266786954491131e-01
5.324571219691375257e-01
5.150004619958890029e-01
2.244289111286166816e-01
2.537489045135988830e-01
3.350888298380599317e-01
2.317350391187954217e-02
-2.207327372096217488e-01
-4.907348601706861269e-01
1.212515255614978055e-01
-2.469756906386733064e+00
-1.698998855672748443e+00
-6.182331962432010414e-02
-1.956303701159307351e-01
2.174108082350324767e-01
4.344040410204774161e-01
4.546433263062231722e-01
-1.004498648014664264e+00
-2.496909675464372036e+00
-6.988344733697063882e-01
-1.698998855672748443e+00
-1.590507978774315490e+00
-4.907348601706861269e-01
3.400017443661881300e-01
4.777385650207977563e-01
3.025049369859684201e-01
7.791148425286875678e-02
-7.010850278883212772e-01
1.409365395034753964e-02
1.865010504633776989e-01
2.262632359652462233e-01
7.533814180083640843e-02
5.517266786954491131e-01
8.159072998655773068e-01
5.019960148971155389e-01
-1.773704378091785494e-01
1.441738427726117489e-01
-1.023167923026035098e+00
-6.026581740527518077e-02
1.860670601494026077e-01
9.625570135780818493e-02
-5.015461240100712592e-01
3.856636367953549249e-01
3.968432765712194832e-01
2.894156644824684155e-01
-7.639909902111148288e-01
-1.119582836240650581e+00
4.985431939369419085e-01
9.355376753539909052e-01
-1.956303701159307351e-01
-3.391041988128833951e-01
1.212515255614978055e-01
5.150004619958890029e-01
6.739184381727864048e-01
4.839969963029205902e-01
-5.076368996564089020e-01
-4.907348601706861269e-01
-1.956303701159307351e-01
-3.145386317752889016e-01
-1.698998855672748443e+00
-6.182331962432010414e-02
-3.507230671079911155e-01
1.967469720392253929e-01
1.212515255614978055e-01
-6.557261870251877012e-01
-1.119582836240650581e+00
-2.492693936015104861e-01
5.150004619958890029e-01
3.184546458117311629e-01
3.856636367953549249e-01
7.742803509388506145e-01
1.006077678512527829e+00
-1.963575416509161231e-01
4.213197372386960349e-01
-3.145482029289934922e-01
7.533814180083640843e-02
-3.350949124405074864e-01
6.473680770584021582e-01
5.872729951058398568e-01
-5.886358319479683132e-01
1.901712541536671186e-01
1.441738427726117489e-01
1.283872276866232336e-02
1.865010504633776989e-01
-6.679859593836720011e-01
7.322532954008210693e-01
7.966478475791364255e-01
1.212515255614978055e-01
-5.076368996564089020e-01
-8.373405505682336436e-01
-7.995756743262982802e-01
-4.405444712746129921e-01
-6.027283482538853265e-01
-8.717487948878137327e-02
1.283872276866232336e-02
7.533814180083640843e-02
-6.026581740527518077e-02
4.001043945280269125e-03
-4.405444712746129921e-01
3.400017443661881300e-01
2.537489045135988830e-01
-1.529159904430954786e-01
3.543333464938925315e-01
-2.137172694752619562e-01
4.546433263062231722e-01
-2.134563528383099651e-01
7.453415287233017272e-01
-6.679859593836720011e-01
-6.777244160626385572e-01
1.727211615126782521e-02
-6.026581740527518077e-02
-1.390798679633054591e-01
-1.956303701159307351e-01
-4.647262428163726478e-01
-1.787107301056672093e-01
4.308374182644741368e-01
1.924179210310724697e-01
5.872729951058398568e-01
7.322532954008210693e-01
2.630911590423795632e-01
8.294562076949774099e-01
7.147382858625438429e-01
9.368144301783736250e-01
5.223625271737907250e-01
7.331778964747091010e-01
-6.520797794381472112e-01
4.001043945280269125e-03
-6.309193336446602407e-01
-6.182331962432010414e-02
2.440763623346922373e-01
3.960853061165585109e-01
-2.207327372096217488e-01
-5.886358319479683132e-01
-1.698998855672748443e+00
-3.889103734706546023e-01
2.317350391187954217e-02
1.860670601494026077e-01
1.701656071222470978e-01
4.793224981342010249e-01
-2.016378458811331209e-01
-1.956303701159307351e-01
1.283872276866232336e-02
5.019960148971155389e-01
1.727211615126782521e-02
3.543333464938925315e-01
1.804107545858966433e-01
1.091637944061499388e+00
8.897371582069653062e-01
1.104716733276345009e+00
9.988112380217197828e-01
-2.492693936015104861e-01
-4.647262428163726478e-01
-3.391041988128833951e-01
-7.718277422760853879e-02
-4.015385860542919905e-01
1.701656071222470978e-01
4.546433263062231722e-01
8.897371582069653062e-01
1.137832059556228792e+00
9.680186245159393410e-01
1.117736597955131472e+00
4.371583372048389315e-01
9.988112380217197828e-01
9.988112380217197828e-01
7.576231382682877546e-01
5.324571219691375257e-01
5.324571219691375257e-01
1.701656071222470978e-01
3.794996080680345663e-01
4.839969963029205902e-01
-1.529159904430954786e-01
-2.207327372096217488e-01
2.317350391187954217e-02
-6.557261870251877012e-01
-4.647262428163726478e-01
-3.889103734706546023e-01
-3.145386317752889016e-01
-8.052482990669560525e-01
-3.145386317752889016e-01
1.727211615126782521e-02
2.317350391187954217e-02
1.724166622266411208e-01
-1.773704378091785494e-01
-7.418053940830844628e-02
-1.250676780718705527e-01
-1.956303701159307351e-01
-1.228244029329143006e+00
-1.698998855672748443e+00
-1.085668277882636090e+00
-7.995756743262982802e-01
-6.557261870251877012e-01
-4.694474526958021809e-01
-5.886358319479683132e-01
-4.405444712746129921e-01
-6.777244160626385572e-01
-3.145482029289934922e-01
1.283872276866232336e-02
1.924179210310724697e-01
2.466644302957828050e-01
1.982460369894035179e-01
-1.390798679633054591e-01
1.409365395034753964e-02
-1.963575416509161231e-01
-1.787107301056672093e-01
-5.886358319479683132e-01
2.244289111286166816e-01
4.319078647816585459e-01
4.793224981342010249e-01
4.319078647816585459e-01
2.873821729543112324e-01
4.949131180118747086e-01
3.184546458117311629e-01
3.856636367953549249e-01
4.727297576433914239e-01
7.295436173152295423e-01
3.753601993443244078e-01
4.985431939369419085e-01
4.319078647816585459e-01
4.949131180118747086e-01
-1.956303701159307351e-01
-4.195445572782143806e-01
2.507969015144298486e-02
-6.557261870251877012e-01
-2.207327372096217488e-01
-7.418053940830844628e-02
-1.698998855672748443e+00
-1.128761250964106733e+00
-1.852834501346493967e+00
-2.301167350342275597e+00
-2.301167350342275597e+00
-2.496909675464372036e+00
-1.940751278588961348e+00
-5.886358319479683132e-01
1.967469720392253929e-01
1.804107545858966433e-01
4.949131180118747086e-01
1.804107545858966433e-01
1.901712541536671186e-01
5.324571219691375257e-01
4.541965792465125773e-01
2.873821729543112324e-01
2.775846025940514883e-01
3.350888298380599317e-01
-2.134563528383099651e-01
2.537489045135988830e-01
-1.773704378091785494e-01
-3.507230671079911155e-01
7.791148425286875678e-02
2.262632359652462233e-01
1.701656071222470978e-01
-7.639909902111148288e-01
-1.529159904430954786e-01
-2.492693936015104861e-01
3.400017443661881300e-01
3.400017443661881300e-01
5.019960148971155389e-01
5.517266786954491131e-01
3.543333464938925315e-01
1.901712541536671186e-01
4.371583372048389315e-01
3.960853061165585109e-01
-2.134563528383099651e-01
1.727211615126782521e-02
1.967469720392253929e-01
-7.010850278883212772e-01
-2.492693936015104861e-01
-4.195445572782143806e-01
-3.145386317752889016e-01
-8.052482990669560525e-01
-3.391041988128833951e-01
-1.963575416509161231e-01
-8.373405505682336436e-01
-3.507230671079911155e-01
-1.128761250964106733e+00
-1.897832321242799658e+00
-1.319237777124408151e+00
-1.642575812837032689e+00
-1.473254587648252123e+00
-1.421080119459410485e+00
-2.544662200400539476e+00
-2.544662200400539476e+00
-2.544662200400539476e+00
-2.770208849612666224e+00
-1.285013720221807487e+00
-6.520797794381472112e-01
1.409365395034753964e-02
-1.469585017480015576e+00
-6.309193336446602407e-01
-1.590507978774315490e+00
-1.642575812837032689e+00
-8.052482990669560525e-01
-2.421329304354574052e+00
-1.421080119459410485e+00
-1.060496507031946978e+00
-7.418053940830844628e-02
-6.309193336446602407e-01
-1.060496507031946978e+00
-5.497638871596129961e-01
-1.770746729546717857e+00
-1.770746729546717857e+00
-1.319237777124408151e+00
-8.052482990669560525e-01
-1.002755537640627637e+00
-4.405444712746129921e-01
-3.145386317752889016e-01
-1.963575416509161231e-01
-1.963575416509161231e-01
2.537489045135988830e-01
3.350888298380599317e-01
5.517266786954491131e-01
-7.718277422760853879e-02
-2.623648656439705462e-01
-1.773704378091785494e-01
-1.773704378091785494e-01
9.625570135780818493e-02
-3.145386317752889016e-01
-1.775735803102801436e+00
-1.940751278588961348e+00
-1.004498648014664264e+00
-4.647262428163726478e-01
-6.777244160626385572e-01
-4.694474526958021809e-01
2.317350391187954217e-02
2.317350391187954217e-02
1.924179210310724697e-01
4.793224981342010249e-01
7.533814180083640843e-02
-1.002755537640627637e+00
-1.473254587648252123e+00
-3.242787476085843279e-01
-7.718277422760853879e-02
-1.119582836240650581e+00
-1.022834598069159995e+00
-1.119582836240650581e+00
-1.897832321242799658e+00
-1.852834501346493967e+00
-1.090923408660099625e+00
-1.090923408660099625e+00
-1.119582836240650581e+00
-1.060496507031946978e+00
-3.350949124405074864e-01
-3.145386317752889016e-01
3.509261555142995093e-02
-5.886358319479683132e-01
-6.988344733697063882e-01
-1.128761250964106733e+00
-7.995756743262982802e-01
-1.119582836240650581e+00
2.507969015144298486e-02
-7.418053940830844628e-02
-1.022834598069159995e+00
1.982460369894035179e-01
-1.012415820667968758e+00
-2.016378458811331209e-01
3.795019932461003997e-01
-1.012415820667968758e+00
-1.119582836240650581e+00
-7.639909902111148288e-01
-7.418053940830844628e-02
-7.995756743262982802e-01
-1.285013720221807487e+00
-1.085668277882636090e+00
-8.052482990669560525e-01
-6.988344733697063882e-01
-1.002755537640627637e+00
-3.350949124405074864e-01
-1.473254587648252123e+00
-1.852834501346493967e+00
-2.544662200400539476e+00
-5.076368996564089020e-01
-2.134563528383099651e-01
1.701656071222470978e-01
7.742803509388506145e-01
-6.026581740527518077e-02
-1.012415820667968758e+00
-2.421329304354574052e+00
-2.496909675464372036e+00
-2.770208849612666224e+00
-1.469585017480015576e+00
-1.421080119459410485e+00
-1.319237777124408151e+00
-1.228244029329143006e+00
-1.060496507031946978e+00
-1.642575812837032689e+00
-1.060496507031946978e+00
-1.940751278588961348e+00
-1.770746729546717857e+00
-3.145386317752889016e-01
2.317350391187954217e-02
-2.492693936015104861e-01
-4.694474526958021809e-01
1.283872276866232336e-02
-6.988344733697063882e-01
-4.647262428163726478e-01
-1.956303701159307351e-01
-6.691700119124953661e-01
-1.023167923026035098e+00
-1.090923408660099625e+00
-2.496909675464372036e+00
-2.496909675464372036e+00
-2.353672836978827121e+00
-2.496909675464372036e+00
-1.897832321242799658e+00
-1.119582836240650581e+00
-1.060496507031946978e+00
-4.405444712746129921e-01
-1.119582836240650581e+00
-6.520797794381472112e-01
6.844470682975506426e-02
-1.390798679633054591e-01
-1.012415820667968758e+00
-1.698998855672748443e+00
-1.940751278588961348e+00
-2.301167350342275597e+00
-1.090923408660099625e+00
-1.544168318932366502e+00
-2.301167350342275597e+00
-1.590507978774315490e+00
-2.301167350342275597e+00
-2.496909675464372036e+00
-2.421329304354574052e+00
-1.940751278588961348e+00
-1.473254587648252123e+00
-1.642575812837032689e+00
-2.496909675464372036e+00
-1.897832321242799658e+00
-1.469585017480015576e+00
-1.002755537640627637e+00
-6.309193336446602407e-01
-1.085668277882636090e+00
-1.285013720221807487e+00
-3.242787476085843279e-01
-3.145386317752889016e-01
8.063592352319902401e-02
1.212515255614978055e-01
-1.956303701159307351e-01
7.533814180083640843e-02
4.511832395095776715e-01
-4.015385860542919905e-01
3.509261555142995093e-02
6.957181152841708238e-01
4.352749276315126536e-01
9.368144301783736250e-01
1.043812083656961986e+00
1.043812083656961986e+00
6.148956376778345057e-01
6.473680770584021582e-01
-4.694474526958021809e-01
2.440763623346922373e-01
-7.010850278883212772e-01
3.543333464938925315e-01
-4.015385860542919905e-01
-2.623648656439705462e-01
2.262632359652462233e-01
6.473680770584021582e-01
3.025049369859684201e-01
-7.418053940830844628e-02
-4.015385860542919905e-01
-1.174077956529650635e+00
-6.679859593836720011e-01
3.856636367953549249e-01
6.844470682975506426e-02
1.860670601494026077e-01
-1.956303701159307351e-01
1.967469720392253929e-01
5.150004619958890029e-01
5.517266786954491131e-01
4.371722988418813571e-01
4.319078647816585459e-01
4.319078647816585459e-01
6.300107259516258829e-01
1.924179210310724697e-01
4.546433263062231722e-01
7.675487226181960665e-01
4.586579064017417551e-01
-1.060496507031946978e+00
-1.421080119459410485e+00
-1.590507978774315490e+00
-6.015049768614023629e-01
-1.012415820667968758e+00
-5.886358319479683132e-01
1.441738427726117489e-01
1.441738427726117489e-01
3.400017443661881300e-01
3.968432765712194832e-01
2.894156644824684155e-01
7.966478475791364255e-01
7.905509800102135110e-01
4.249132015530651119e-01
9.608209549927256843e-01
3.496465985308208069e-01
5.322606879240959765e-01
6.140890390157929257e-01
1.104716733276345009e+00
6.897358694605056906e-01
3.794996080680345663e-01
6.968991702441708069e-01
-5.076368996564089020e-01
3.509261555142995093e-02
3.341874199292541592e-01
7.675487226181960665e-01
4.344040410204774161e-01
3.670825001104338625e-01
7.533814180083640843e-02
2.723272444816519644e-01
1.724166622266411208e-01
1.701656071222470978e-01
5.242007408640934202e-02
7.905509800102135110e-01
8.684447720116099667e-01
-3.889103734706546023e-01
5.150004619958890029e-01
-1.228244029329143006e+00
-3.242787476085843279e-01
3.795019932461003997e-01
6.897358694605056906e-01
7.859038398355774335e-01
8.897371582069653062e-01
9.115417216784121868e-01
-2.207327372096217488e-01
4.308374182644741368e-01
1.245618806188580674e+00
1.091637944061499388e+00
6.957181152841708238e-01
-6.679859593836720011e-01
-1.060496507031946978e+00
-1.852834501346493967e+00
-2.353672836978827121e+00
-4.694474526958021809e-01
6.140890390157929257e-01
6.300107259516258829e-01
-1.012415820667968758e+00
-2.353672836978827121e+00
-1.775735803102801436e+00
-5.886358319479683132e-01
-3.391041988128833951e-01
-4.694474526958021809e-01
-4.015385860542919905e-01
-6.309193336446602407e-01
-1.963575416509161231e-01
3.350888298380599317e-01
3.400017443661881300e-01
4.611642906554315191e-01
2.371722539354240711e-01
4.949131180118747086e-01
4.541965792465125773e-01
4.371583372048389315e-01
7.497231983810677125e-01
1.002908403427343886e+00
9.608209549927256843e-01
9.015411930156944642e-01
1.309258228984462091e+00
1.261182982375502748e+00
1.226372897593466682e+00
-1.787107301056672093e-01
-2.623648656439705462e-01
1.701656071222470978e-01
-1.319237777124408151e+00
-1.642575812837032689e+00
-2.770208849612666224e+00
-2.770208849612666224e+00
-8.373405505682336436e-01
7.533814180083640843e-02
7.497231983810677125e-01
7.905509800102135110e-01
6.897358694605056906e-01
7.267197882589634395e-01
7.905509800102135110e-01
8.119998077833300298e-01
7.453415287233017272e-01
8.684447720116099667e-01
5.223625271737907250e-01
2.317350391187954217e-02
-6.182331962432010414e-02
-1.319237777124408151e+00
-1.642575812837032689e+00
-1.852834501346493967e+00
-1.897832321242799658e+00
-1.085668277882636090e+00
-1.060496507031946978e+00
-6.988344733697063882e-01
-1.642575812837032689e+00
-1.174077956529650635e+00
6.844470682975506426e-02
3.960853061165585109e-01
7.576231382682877546e-01
4.319078647816585459e-01
2.317350391187954217e-02
2.537489045135988830e-01
9.625570135780818493e-02
9.625570135780818493e-02
5.242007408640934202e-02
5.128096933181054418e-01
4.319078647816585459e-01
7.322532954008210693e-01
1.724166622266411208e-01
-6.557261870251877012e-01
7.675487226181960665e-01
8.737191855581895039e-01
1.002908403427343886e+00
1.261182982375502748e+00
1.241910507975695799e+00
1.292821295483736588e+00
1.292821295483736588e+00
1.355459493561162132e+00
1.390449563832956814e+00
1.509996249640846999e+00
1.429182403318451255e+00
1.390449563832956814e+00
1.682005252022257258e+00
1.509996249640846999e+00
1.473274384322627917e+00
1.566448601519818906e+00
1.682005252022257258e+00
1.509996249640846999e+00
1.429182403318451255e+00
1.429182403318451255e+00
1.698809801531584895e+00
1.226372897593466682e+00
1.698809801531584895e+00
1.455091463809564223e+00
1.355459493561162132e+00
1.240183381223353587e+00
1.372727003680288105e+00
1.566448601519818906e+00
1.698809801531584895e+00
1.523645656995892272e+00
1.455091463809564223e+00
1.682005252022257258e+00
1.261182982375502748e+00
1.104716733276345009e+00
-3.507230671079911155e-01
-1.940751278588961348e+00
-2.496909675464372036e+00
-1.852834501346493967e+00
-2.770208849612666224e+00
1.860670601494026077e-01
7.675487226181960665e-01
6.957181152841708238e-01
2.630911590423795632e-01
6.417287931840426340e-01
7.914425676025516054e-01
8.294562076949774099e-01
8.294562076949774099e-01
4.213197372386960349e-01
3.509261555142995093e-02
2.507969015144298486e-02
4.001043945280269125e-03
4.344040410204774161e-01
-3.507230671079911155e-01
-4.405444712746129921e-01
-6.026581740527518077e-02
7.859038398355774335e-01
9.015411930156944642e-01
2.775846025940514883e-01
5.322606879240959765e-01
3.184546458117311629e-01
8.684447720116099667e-01
9.355376753539909052e-01
1.151544563634212315e+00
1.390449563832956814e+00
4.985431939369419085e-01
9.680186245159393410e-01
1.241910507975695799e+00
1.241910507975695799e+00
1.135634261529658184e+00
7.147382858625438429e-01
8.294562076949774099e-01
9.015411930156944642e-01
9.115417216784121868e-01
9.988112380217197828e-01
9.988112380217197828e-01
1.254719476800759015e+00
1.151544563634212315e+00
1.151544563634212315e+00
1.151544563634212315e+00
2.606603394290304410e-01
5.917163924065744762e-01
9.988112380217197828e-01
-1.775735803102801436e+00
-1.128761250964106733e+00
-1.085668277882636090e+00
-7.418053940830844628e-02
-6.988344733697063882e-01
3.795019932461003997e-01
4.586579064017417551e-01
3.543333464938925315e-01
9.355376753539909052e-01
8.385549891164698622e-01
1.002908403427343886e+00
1.390449563832956814e+00
1.509996249640846999e+00
7.966478475791364255e-01
4.546433263062231722e-01
4.611642906554315191e-01
-1.060496507031946978e+00
-1.590507978774315490e+00
-2.421329304354574052e+00
-1.940751278588961348e+00
1.860670601494026077e-01
-1.897832321242799658e+00
-1.897832321242799658e+00
-5.015461240100712592e-01
-6.027283482538853265e-01
-1.590507978774315490e+00
-2.770208849612666224e+00
-1.897832321242799658e+00
-1.085668277882636090e+00
-6.777244160626385572e-01
7.791148425286875678e-02
2.174108082350324767e-01
-2.207327372096217488e-01
-7.010850278883212772e-01
-8.052482990669560525e-01
4.001043945280269125e-03
3.496465985308208069e-01
6.739184381727864048e-01
7.576231382682877546e-01
6.897358694605056906e-01
1.011996276987470855e+00
9.608209549927256843e-01
1.027637532312736690e+00
2.262632359652462233e-01
2.873821729543112324e-01
-4.907348601706861269e-01
3.670825001104338625e-01
3.753601993443244078e-01
2.775846025940514883e-01
5.324571219691375257e-01
9.608209549927256843e-01
6.473680770584021582e-01
1.701656071222470978e-01
1.245618806188580674e+00
9.355376753539909052e-01
9.608209549927256843e-01
1.804107545858966433e-01
3.795019932461003997e-01
1.901712541536671186e-01
2.440763623346922373e-01
1.967469720392253929e-01
-1.119582836240650581e+00
-1.004498648014664264e+00
-1.642575812837032689e+00
-2.301167350342275597e+00
-1.085668277882636090e+00
-6.520797794381472112e-01
-6.027283482538853265e-01
-2.421329304354574052e+00
-6.309193336446602407e-01
-1.012415820667968758e+00
-2.421329304354574052e+00
-2.492693936015104861e-01
1.982460369894035179e-01
-1.963575416509161231e-01
-7.418053940830844628e-02
-6.988344733697063882e-01
-6.988344733697063882e-01
1.901712541536671186e-01
-1.022834598069159995e+00
-1.421080119459410485e+00
-1.852834501346493967e+00
-1.469585017480015576e+00
-1.590507978774315490e+00
-3.507230671079911155e-01
-2.469756906386733064e+00
-8.052482990669560525e-01
-1.642575812837032689e+00
-1.698998855672748443e+00
7.533814180083640843e-02
9.680186245159393410e-01
1.203089716404922127e+00
1.390449563832956814e+00
1.226372897593466682e+00
7.742803509388506145e-01
-4.015385860542919905e-01
-1.119582836240650581e+00
-3.889103734706546023e-01
3.543333464938925315e-01
7.742803509388506145e-01
7.331778964747091010e-01
-1.228244029329143006e+00
-1.956303701159307351e-01
3.753601993443244078e-01
6.184643342537936572e-01
1.068092343593336491e+00
1.104716733276345009e+00
7.966478475791364255e-01
1.203089716404922127e+00
7.788243032465593796e-01
1.309258228984462091e+00
1.006077678512527829e+00
7.295436173152295423e-01
7.742803509388506145e-01
8.973698015433246855e-01
-7.010850278883212772e-01
-4.907348601706861269e-01
3.569243183462152413e-01
1.104716733276345009e+00
2.606603394290304410e-01
-6.691700119124953661e-01
-2.770208849612666224e+00
-1.004498648014664264e+00
1.989913322785908378e-01
-6.027283482538853265e-01
7.331778964747091010e-01
1.006077678512527829e+00
4.727297576433914239e-01
4.001043945280269125e-03
1.283872276866232336e-02
-6.026581740527518077e-02
-6.015049768614023629e-01
1.967469720392253929e-01
6.968991702441708069e-01
8.119998077833300298e-01
3.670825001104338625e-01
6.148956376778345057e-01
5.322606879240959765e-01
6.075578409279900338e-01
4.511832395095776715e-01
-1.002755537640627637e+00
-4.907348601706861269e-01
-1.421080119459410485e+00
-2.421329304354574052e+00
-2.544662200400539476e+00
-6.015049768614023629e-01
-2.353672836978827121e+00
-4.195445572782143806e-01
5.150004619958890029e-01
7.788243032465593796e-01
6.473680770584021582e-01
3.543333464938925315e-01
4.839969963029205902e-01
-2.207327372096217488e-01
4.777385650207977563e-01
6.027475582635642981e-01
3.795019932461003997e-01
-1.319237777124408151e+00
-4.694474526958021809e-01
-1.250676780718705527e-01
-8.717487948878137327e-02
-2.770208849612666224e+00
-6.027283482538853265e-01
-1.544168318932366502e+00
-4.015385860542919905e-01
3.184546458117311629e-01
1.261182982375502748e+00
1.245618806188580674e+00
6.027475582635642981e-01
-1.698998855672748443e+00
-3.889103734706546023e-01
4.319078647816585459e-01
-2.134563528383099651e-01
-2.421329304354574052e+00
-6.182331962432010414e-02
-3.889103734706546023e-01
-1.119582836240650581e+00
2.262632359652462233e-01
2.466644302957828050e-01
-1.897832321242799658e+00
-1.940751278588961348e+00
-2.544662200400539476e+00
-2.421329304354574052e+00
-6.988344733697063882e-01
-7.995756743262982802e-01
-6.679859593836720011e-01
-3.507230671079911155e-01
-5.076368996564089020e-01
-3.391041988128833951e-01
-3.391041988128833951e-01
-6.026581740527518077e-02
-5.886358319479683132e-01
2.262632359652462233e-01
4.949131180118747086e-01
4.541965792465125773e-01
5.872729951058398568e-01
7.533814180083640843e-02
-4.907348601706861269e-01
1.860670601494026077e-01
-4.694474526958021809e-01
-1.421080119459410485e+00
-1.773704378091785494e-01
-6.557261870251877012e-01
-5.015461240100712592e-01
-6.026581740527518077e-02
-8.052482990669560525e-01
-4.195445572782143806e-01
7.791148425286875678e-02
7.147382858625438429e-01
8.973698015433246855e-01
8.337305651924481475e-01
7.464528926547342458e-01
9.355376753539909052e-01
3.509261555142995093e-02
1.409365395034753964e-02
1.860670601494026077e-01
-3.507230671079911155e-01
-1.963575416509161231e-01
1.441738427726117489e-01
3.795019932461003997e-01
4.213197372386960349e-01
-3.507230671079911155e-01
1.409365395034753964e-02
-1.775735803102801436e+00
-2.770208849612666224e+00
-2.469756906386733064e+00
-2.544662200400539476e+00
-2.469756906386733064e+00
