8.083664785293200872e-01
6.920754628682490583e-01
5.730238140561203508e-01
6.663507231011767118e-01
7.401246890983208537e-01
6.933621631121242856e-01
4.847455726655867103e-01
7.462570999434214869e-01
4.575082903293754555e-01
7.243463866574937349e-01
3.430586193582385590e-04
1.554087447738705663e-02
1.445414385431460502e-01
4.550008294217335880e-01
5.519581910161948102e-01
3.860379183555178173e-01
5.522765148813588709e-01
7.460643973657652417e-01
7.198698857122778350e-01
1.119225124002634519e+00
1.057686862224244795e+00
1.097769712213688464e+00
1.222296290672936880e+00
1.378799094888570664e+00
1.347317326866336096e+00
1.220909314768213072e+00
1.368245583424890555e+00
1.095001320600326622e+00
8.570127513578613687e-01
7.314206847873876427e-01
8.928173401141150656e-01
1.137317070019653542e+00
8.900038998595327655e-01
9.552428341635401665e-01
1.002555715919193791e+00
7.074500152406071329e-01
1.087219308739680201e+00
9.330740019740257907e-01
8.766367395126435369e-01
9.400719162937551943e-01
1.042206990364255237e+00
1.244638111859926344e+00
1.132601062772086387e+00
8.017651370984464343e-01
7.887515625571070998e-01
6.546442832698904368e-01
9.409009734453031015e-01
1.043787568606458382e+00
1.030383499430712391e+00
7.731068923500648005e-01
5.793771785869910040e-01
5.594409887690225958e-01
4.984838786455543236e-01
6.979814636496608493e-01
5.949730746102517287e-01
6.887592697343651871e-01
8.299485881315598057e-01
6.474035467637433428e-01
1.171742254817934814e+00
9.632858273353441803e-01
1.088564549505164791e+00
6.147127386369479751e-01
5.802953052939407996e-01
6.730340658929319098e-01
7.535050968711778374e-01
5.377471183704818358e-01
6.092928334874243568e-01
1.430257164227932698e-01
7.827394310214552675e-02
2.563266747853560901e-01
5.495156594473953326e-01
3.842038482184850778e-02
4.308256988223688744e-01
4.992317696182468900e-01
8.158428423078265546e-01
2.918088667930733848e-01
5.926113489007911461e-01
1.004902722154333627e+00
1.186331993289560405e+00
1.114124925955764400e+00
1.038514469136526230e+00
1.242490352005751308e+00
1.352979945377768445e+00
8.556149241039920916e-01
1.120441351211133973e+00
1.337272561511720248e+00
1.496605312908952712e+00
1.337335210281278108e+00
1.361588787917041188e+00
1.422370694539559999e+00
1.590355803601541496e+00
1.422365259121881387e+00
1.214996472889458889e+00
1.248568682250153383e+00
7.506938094191397681e-01
7.710254980339135145e-01
9.067473078873469206e-01
1.162772985285537075e+00
1.245717181871041745e+00
1.038135607379983227e+00
1.083624539464675074e+00
1.021973799120619919e+00
1.208710549558364544e+00
1.058495565470672695e+00
1.191959356777932300e+00
1.469802591794461044e+00
1.520831556560383824e+00
1.389774827806128599e+00
1.328182110765655288e+00
1.293203481454638037e+00
1.261257108933763860e+00
1.147457796589640200e+00
1.260650852312547698e+00
4.657688973324511927e-01
1.636161802929594344e-01
1.537392831335950838e-01
1.698853622278906350e-01
3.983416356221680665e-01
4.828480859839481276e-01
5.863778256526757104e-01
7.242292650125370379e-01
3.587182061331279925e-01
3.312097873478880850e-01
5.759026756224874255e-01
4.523155672427954244e-01
5.653088708509463878e-01
7.050816849625674010e-01
1.042739696311930864e+00
1.300943011190202725e+00
8.399522149301303919e-01
1.409106255140849306e+00
1.624113667973679398e+00
1.498131542879983513e+00
1.431252674226620947e+00
1.530511775683759623e+00
1.508047036315197431e+00
1.227585041621127360e+00
1.170772014261923122e+00
1.486661216875301506e+00
1.016339787393659932e+00
1.270283374928104614e+00
-4.398666075189932023e-01
-1.037390803483897672e+00
4.902243907238603704e-01
1.060266123110544800e+00
-9.182476383845010748e-01
7.891257352125080615e-01
4.767041672085614579e-01
1.018364394479768897e+00
-1.380996677900925285e+00
-1.737051410988936562e+00
-7.565723958830790075e-01
-3.203963534795803980e-01
-1.185058466015763257e+00
-1.171656850115623705e+00
-1.946626190199686857e+00
-1.265844454490300919e+00
-1.222565884553558524e+00
-1.239784212780220329e+00
-1.532612359002216262e+00
-2.658762013845052063e+00
-1.349599640916025356e+00
-4.374526951635537841e-03
4.843616245069570780e-01
3.569400098538495492e-01
5.132164809869967925e-01
1.062624508280564317e+00
8.778886927776583526e-01
1.131773450075436394e+00
1.058991273328313554e+00
1.304460403693504134e+00
1.283897051088899843e+00
6.610539100557573100e-01
1.383656924595610072e+00
1.429182106507539629e+00
1.477350015211094103e+00
1.450864537090692963e+00
1.561011617451509181e+00
1.057595157080860826e+00
1.431678355747983744e+00
1.027488104975719629e+00
1.365263353914135003e+00
1.288875327833000739e+00
6.803020483098238813e-01
1.020527909409767453e+00
1.189368668707455168e+00
1.409992557734487839e+00
6.970931499561285882e-01
1.032832508910820568e+00
9.842572691229780624e-01
1.077400090690998624e+00
1.296891526774309966e+00
1.283125776882293678e+00
7.749266440623410190e-01
9.453277301027380730e-01
5.621717675972854877e-01
5.907698408227850528e-01
5.795887930682366296e-01
-5.174888156810659723e-01
4.400579352834328439e-01
2.710323311095330645e-01
3.974800735256422968e-01
5.216113622771554326e-01
2.769701161473498985e-01
-2.256778134823127502e-01
5.691476868998521788e-01
8.903383850935098209e-02
1.262574743779962816e-01
-2.503765830948880833e-01
-9.048775995079987311e-01
-1.998583263789072362e+00
-8.206292579760077199e-01
8.589060001959980539e-02
6.301121603817545491e-01
2.866069535538722235e-01
5.865237712201762932e-01
6.863778157304833982e-01
6.202466594238087438e-01
7.190032218498059180e-01
6.939477028798064495e-01
1.054648233773650468e+00
1.130706696089122332e+00
2.817423630136448587e-01
-1.239025123574353460e+00
-4.297755943483427821e-01
7.447064565994274687e-01
6.429158877818355045e-01
1.224406702036062722e+00
1.021778106827943677e+00
5.366359248009344718e-01
4.950467739561177360e-01
-1.884769142548572418e-01
-1.160267129705785161e+00
-1.327547509552743810e+00
-6.316913833369977027e-01
-3.247935398685619646e-03
1.807135421340189119e-01
2.260471110170279019e-01
1.919082493074335538e-01
4.505072058900125853e-01
8.314033417697883621e-01
9.382530059438773939e-01
4.543640011470140294e-02
-1.173896802245167903e+00
-1.708298711649294255e+00
-7.664526121874384312e-01
-5.501244887730774025e-01
2.607102591922108026e-01
-2.358088499526544979e-02
3.135181672933504693e-01
6.189270926003844764e-01
8.316975982293275393e-01
4.331881702654181154e-01
6.231156550563565766e-01
-3.626829576458736604e-01
2.025461495384361932e-01
8.400715505751583656e-01
7.758913174413728520e-01
-6.208671344742944243e-02
4.077195965278725964e-01
5.551854729215310869e-01
6.527654667379660935e-01
1.087490161374772502e+00
5.628958927333114204e-01
5.063334151670626504e-01
1.142739479180615358e+00
1.262433363080355253e+00
8.676055078380748853e-01
6.942020551598462319e-01
1.067862946266648905e-01
6.805715032267598552e-01
8.371000569715469908e-02
4.965715148712446236e-01
2.324498152227949532e-01
3.908352382038073891e-01
3.785876275707478200e-02
5.141252000775309305e-01
-5.507110696088224344e-02
-6.143155406268130392e-02
-4.426760130621651967e-01
1.733399981364147635e-02
-3.407709428431080489e-01
-1.875660701930903507e-01
-4.233312593972677895e-01
-1.533967962490523362e-02
-5.241950650684708002e-01
1.328845132674798535e-01
4.329719933029698709e-01
3.840282746642742495e-01
-8.259782741532226691e-01
1.455525663004690884e-01
-1.594623176010121490e-01
6.843620101115011067e-01
8.644348400164520996e-01
3.508561491005117716e-01
5.880302813897650971e-01
5.360111934858862170e-01
9.198032441598664732e-01
1.102796034435789441e+00
1.071825632147329177e+00
8.394604906919371778e-01
1.062761286171315600e+00
4.492419474812683333e-01
-2.645940805761091141e-01
-1.057464034085160431e+00
-1.666952631261109152e+00
-7.063765422140555472e-01
-1.582994970762330089e+00
5.782016435295869172e-01
-1.475089754618647886e+00
-1.208352066990814544e+00
2.142767978335506918e-01
1.268898028185949656e-01
3.786033712860539246e-01
7.501873628160331542e-01
4.994143824097454498e-01
9.327101699160791348e-01
9.771276908874866329e-01
7.880912936649857592e-01
5.536166326608511490e-01
7.015315839691678157e-01
7.405750816281631010e-01
9.557176117994639064e-01
1.224640317228883113e+00
1.645077434219966328e+00
3.782369382373111932e-01
-1.480275963072591461e+00
2.188257829901534279e-01
6.182494825041437991e-01
-1.962841879643434151e+00
1.850133865910374986e-01
6.628553712989631030e-01
8.615175104262027261e-01
6.362733428658677859e-01
6.629312467735237746e-02
2.242431465409322477e-01
4.496852499680739079e-01
6.759435196636265353e-01
7.088914020479450961e-01
7.686698777051836906e-01
4.948857423649815068e-01
2.641249993265692986e-01
1.115263713471808416e+00
1.127309426405929571e+00
9.215922927523760855e-01
1.066570734176957913e+00
1.156876106009772975e+00
9.604202344200780672e-01
8.575945465624608133e-01
6.361635504556075738e-01
6.383331479130900377e-01
5.058058293020466500e-01
5.249859853034419821e-01
9.074449569311506814e-01
4.946929906192698567e-02
-1.716187801594069029e-01
3.503325513987705087e-01
-2.464720426519835250e-01
1.213294760770202707e-01
1.064418764529367678e+00
1.137835145012606297e+00
4.357523659918616232e-02
5.593150076449293628e-01
8.898629798905672850e-01
6.142742843163908617e-01
1.129575766004681903e+00
9.719469228602708455e-01
6.933719734107413046e-01
3.464433830321431707e-01
1.065819972860161169e+00
1.841247921364126405e+00
5.755031891481379169e-01
8.520620718317046816e-01
1.066396512353641857e+00
1.110337932332514210e+00
1.370994952962452551e+00
1.024906974747390009e+00
1.302123472078649868e+00
1.130426219638230645e+00
4.885292955891937794e-01
3.237403265191973745e-01
6.367263132443152784e-01
8.502097325848776421e-01
1.047289546919540904e+00
9.808342651120551814e-01
4.596058693340174806e-01
7.500882663080412627e-01
1.303554583849851234e+00
9.152408858860243690e-01
1.029785605410308058e+00
9.863480751113193890e-01
7.733928146798407788e-01
8.832023287145371881e-01
7.912162208274042818e-01
1.054042899101212072e+00
2.639933894746002707e-01
6.331557454344829416e-01
1.024800099636755668e+00
1.165238818448204761e+00
9.113277275863320703e-01
4.347899198318430081e-01
-1.221368675359708611e-01
2.406846594552871643e-01
6.187153607874336103e-01
1.127450457292855202e+00
2.693966189053931259e-01
5.213511942103332686e-01
4.656769332673960093e-01
1.981938537403480360e-01
-9.467271092891280659e-01
-1.096658625601186099e+00
3.309117010785511681e-02
3.882308593515677586e-01
7.341508403669099181e-01
4.642486521665825094e-01
-2.428323827062310869e-01
-1.516202199823379893e-01
3.222658891478475951e-01
4.703332284246339867e-01
-1.009543583591267391e+00
6.236538301260940997e-02
6.896112165724566090e-01
4.572231372939765670e-01
-6.191932390205012737e-01
-5.849143472127384946e-01
-4.045190985732332045e-01
-4.637268040130901881e-01
-1.694598792787749275e-02
-4.511318470333054442e-01
-1.218595597443846490e+00
-1.413453962014939780e+00
-1.425311355599049534e+00
-1.264806151597349215e+00
-2.197403499066070687e-01
1.195139063702952420e-01
1.512608878008290247e-01
-2.131352927713172640e-01
-9.019887881029564625e-02
-8.216224075495441870e-01
-2.152475939813540684e-01
2.558821463079361536e-01
-3.840651129249907925e-01
-2.735994367229821478e-01
1.816951230715888599e-01
4.093382401544940485e-01
8.217868768659539747e-01
4.823470651633710027e-01
-2.006628812135629047e-01
1.785311801946116717e-01
5.533212920587673445e-01
8.175266544559884885e-01
8.327830419197432832e-01
9.502602015898209409e-01
7.670541324772992553e-01
9.527231568948355545e-01
9.168903054956616394e-01
6.320373634183225064e-01
1.029488992419911320e+00
8.154443679252492139e-01
5.340629025605441171e-01
-4.920709323213019459e-01
-1.071542376318981971e+00
-9.170813189103192986e-01
-6.202526518918252130e-01
-9.082171103610678919e-01
-4.641179732561586668e-01
2.692496832649950989e-01
-2.480636399411411119e-01
-8.835588467598531892e-02
-1.475079704894044497e-02
1.572463953533103087e-01
-1.653543381766608089e+00
-4.403717318732081054e-01
-2.432701568532813496e-03
4.187635691975692964e-01
1.950120672324833215e-01
-7.730832985511237876e-01
-9.614408813511690077e-01
-6.269913353520064625e-01
-1.532403442799309623e+00
-1.781571096818011402e+00
-8.586768276169558511e-01
-1.823529122004286407e+00
-1.968953382844662148e+00
-7.184271182051680249e-01
6.487906440461967961e-01
7.103344079513860265e-01
3.991994795777329408e-01
2.552910562422612273e-01
5.798303770069876961e-01
3.993501857545007638e-01
3.984746546940538536e-01
7.318600700957635929e-01
1.001928977243123242e+00
8.765438967436747220e-01
9.627972443953600745e-01
7.789805553608379896e-01
9.670239628468899618e-01
7.395963612552018951e-01
7.032729926768888085e-01
6.829241954870597375e-01
3.844156160520841858e-01
-1.127115085448890053e+00
-6.521470658062482606e-01
-1.577521074220151753e-01
1.463713712916296927e-01
1.854850519558728372e-01
-8.845207856805787916e-01
-5.697315616336204869e-01
6.815060756378521489e-01
1.184005181049396782e-02
6.809266669684923556e-01
9.785634942881293874e-01
1.039357587106204406e-02
8.204248339283841673e-01
9.434975794111251091e-01
1.132192737706811059e+00
1.359189935420234363e+00
1.067907865444504445e+00
1.135482893686388994e+00
9.257557502298867647e-01
9.942986011851098205e-01
6.646565820107377398e-01
2.881499925473640644e-01
-1.086442389854804125e+00
-4.084316723753134148e-01
4.930601721859391162e-01
1.061711028315096783e+00
-6.229447482674173031e-01
-3.253784515899726948e-01
1.539889628058790372e-01
5.651409266869706904e-01
6.949305134620922253e-01
6.102293832180225586e-01
-7.332934581930334872e-01
-1.686273915790751809e+00
2.031700846736925747e-01
-9.582574435607631447e-01
-2.560586489356060369e-01
-1.042217430663062050e+00
-1.934813790017660295e+00
-3.358647711815336834e-01
5.014978401014547060e-02
-3.192100975263993945e-01
5.041653332713789126e-01
8.259630349950182193e-01
8.096990903708625176e-01
4.975527141649074281e-01
8.690484501329898137e-01
6.848260951711218070e-01
-5.903626487830373470e-01
2.840357232853016889e-01
5.483479853061190568e-01
4.581540247828859158e-01
-1.704806438440367167e-01
-1.483089774670813155e+00
-2.138715677350030653e+00
-1.296530375980037286e+00
-8.263305681314834228e-01
-2.183512732479857554e-01
2.008102884955573764e-01
6.691390894852800031e-02
-1.395258075523813313e+00
-8.583278990448861556e-01
2.879462314397551737e-01
4.619876205521729062e-01
5.251540806327232858e-01
8.763650083319762807e-01
3.845525978786965560e-01
-4.057301733588829507e-01
-5.552474963290796595e-01
6.537153097908356969e-01
9.978090413408207127e-01
5.842401776498347132e-01
6.411852745918444896e-01
7.034544830905096191e-01
7.797577602111127604e-01
3.744052216442650405e-01
4.288118095152548825e-01
1.690975593677599420e-01
6.621802144691679715e-02
-1.198356517841079327e+00
-1.784828799632328211e+00
-2.425194239525876316e+00
-1.635286451089185356e+00
-6.255226511131453115e-01
-5.924416038835311760e-01
-1.648806603752696720e+00
-1.804781806408807032e+00
-6.079269231369424098e-01
-1.518802697533499835e+00
-2.291856318158679073e+00
-1.577860740071270529e+00
-1.690522649738870564e+00
-1.708544253905251331e+00
4.059426307930809052e-01
-1.619878556363341104e-01
-2.074517647526787911e-01
1.182334237862532333e-01
-4.278786285863431793e-01
5.619188788309004146e-01
4.456049416499849869e-01
6.536600439493378545e-01
1.131090566876675307e+00
9.665803049899004407e-01
3.707247335517878106e-01
-1.229384987269543927e-01
-5.261955487878409166e-01
-3.859429143910908522e-02
4.510031653023558462e-01
4.991573458158589105e-01
3.793225888561173598e-01
1.667460331414982733e-02
-1.032787407060002494e+00
-1.468728606217762911e+00
-5.231082885437090546e-01
-5.063750811099390070e-01
-4.662060527205444949e-01
-2.509019148925757392e-01
-8.918137952164337801e-01
-1.928901122688685188e+00
-2.367918814868865240e+00
-9.277193209517171635e-01
-4.374105127549907657e-01
-1.090547941715547253e-01
-1.262601994055022825e+00
-8.046082413402158018e-01
-1.472422397051895704e+00
-1.366722463169081303e+00
-1.517632691067375639e+00
-5.767195263649487202e-01
-7.182957570129144820e-01
-1.278731588978822886e+00
-1.210989637148912390e+00
-1.578236016036330236e+00
-2.479364571561579744e-01
3.946806076005073827e-01
8.206865460294303638e-01
7.197257473517733040e-01
8.253898048677617005e-01
6.181038470359339065e-01
9.079256812410587685e-01
4.843993339164378575e-01
6.785171292834433210e-01
-1.634610562487299745e-01
-1.818672979030673709e+00
-1.084819838735149533e+00
-1.273366761704202155e-01
-4.885581552712596753e-01
-2.095195370029667714e-01
-3.390971087766669889e-01
4.504447501408148646e-01
-4.187392857946439229e-01
-1.087109916788771002e-01
-5.928639781418105770e-01
-1.375912253328770873e+00
-1.975762888409180906e+00
-2.001744492437253609e+00
-1.373107002775344476e+00
-4.759699113962025940e-01
-2.772272736006664573e-02
3.202797509290098432e-01
3.869839230375373695e-01
2.476229606748381329e-01
5.637006434103675190e-01
7.335972724792139132e-02
4.355074095438111748e-01
3.722336640585153233e-01
8.557903185354582831e-01
3.982075825185220630e-01
9.411993655666202052e-01
2.672686571430684666e-01
7.642139068745827934e-01
7.603533581911090522e-01
2.986772958276229240e-01
5.506599321962291071e-01
6.650793888533241827e-01
7.747515606707162661e-01
-1.005728725485059982e-01
2.870183501843470708e-01
5.525100981724317961e-01
6.409611164035795561e-01
7.025521366010911706e-01
7.450584625670777505e-01
4.573404281336799215e-01
-6.690797656556224382e-03
-2.206124566353131478e-01
-2.990043118966059232e-01
3.792680765082767635e-03
2.347447984513699737e-01
5.891553168149332720e-01
7.523547429747652338e-01
2.575106765170609435e-01
1.557382969488756430e-01
-1.356270916371343116e+00
2.764228012769911480e-01
8.651176534549609443e-03
7.865315012760216717e-01
5.802372335034888806e-01
5.573969308109276710e-01
-1.229381579697585991e-02
-1.736299350195982250e-01
-3.311376707089155325e-01
8.919851504303588641e-02
2.335470369708674276e-01
2.665188085018739272e-01
4.671344603884706181e-01
7.999636099964742009e-01
6.733221833328264516e-01
4.706180027517659070e-01
5.565824042674343275e-01
4.182584581219974673e-01
5.136951099266373610e-01
2.645467690005154360e-01
4.027315028635540806e-01
4.423726468647024568e-01
7.168340128301395886e-01
3.183825388634242692e-01
1.272914800309146166e-01
4.418841155115353914e-01
6.076673231617042426e-01
4.805428913539335767e-01
4.940134175763715163e-01
3.216183820206843791e-01
6.923075056368861446e-01
2.772837231067843966e-01
4.786031495350795417e-01
6.588385637433189501e-01
4.913116668379466923e-01
-2.185075100893687505e-01
4.193257430365582294e-02
2.410036997190871944e-01
3.483128329101559117e-01
2.965460900891314644e-01
4.679411401191861941e-01
1.981609595573474714e-01
1.740077722029189644e-01
2.362985910757706698e-01
-1.708026190208751238e-01
-2.156660002655192976e-01
1.946540024221654619e-02
-6.727573076525996676e-01
2.537490468474654648e-01
9.146923155312660647e-01
9.542534252041683374e-01
2.405914897126106844e-01
-2.919960837212571825e-01
-1.007817794499105135e+00
-1.217567680762523530e-01
1.214168624139215780e-01
8.279058116785975585e-02
1.739734997398372229e-01
4.302086890499170480e-01
2.798488852610914179e-02
-9.415546818805644591e-01
-1.224786613824324855e+00
1.449187074331570457e-02
4.933148826567776979e-01
4.098661322243537519e-01
7.916929477418279681e-01
5.565287520398682908e-01
2.233284041622067839e-01
2.599644200180968312e-01
3.948138366564348800e-01
4.846981537183459032e-01
4.301532057194243919e-01
4.438362712930921106e-02
-5.241365658765908542e-01
1.530607727866821755e-01
8.063736108554087068e-02
3.194313497357201825e-01
3.044051432698431370e-01
-3.295317874953740400e-02
2.324764218845198904e-01
2.008322156060526886e-01
-1.111330803938288536e+00
-1.774258863255201657e+00
-9.074028697484095574e-01
4.147407963810434417e-01
6.137155245159182648e-01
1.497519802586086968e-01
6.405299645091755423e-01
7.391188862992468245e-01
8.434182631795850149e-01
5.381722645974638120e-01
1.512312906820776348e-01
-6.408616626729113364e-02
1.626859699311293816e-01
-3.357277257682476090e-01
-1.778411638034276265e+00
-1.104689498443612639e+00
-6.173311077590319940e-01
-7.737827985804428543e-01
-1.134374407153651010e+00
-2.097315447065196015e+00
-1.332816855459159067e+00
-1.646251734274794876e+00
-2.006966971563205249e+00
-8.571813951086257877e-01
-6.353068606495515525e-02
7.327184702596940546e-01
6.282997450871063982e-01
6.900080587617440919e-01
6.436645415686879090e-01
5.099231360684295389e-01
-2.377497767797556172e-01
-2.378937863434655853e-01
3.971561208603247017e-01
3.172359378693858645e-01
-2.848295798626221398e-01
-1.265911636011735730e+00
-6.276399833519823446e-01
4.013469347337892401e-01
5.160002984909062285e-01
1.000759066199798486e+00
8.955547476766994031e-01
6.113093223908854235e-01
8.811056143951372377e-01
1.037412885973095555e+00
1.050736816152512354e+00
1.123841437385109554e+00
7.497868443829340812e-01
9.504900715131370248e-01
1.070079107904028159e+00
1.130408563396348764e+00
5.864718335741376798e-01
6.497850387519181758e-01
7.902623565095678870e-01
8.930574315177630673e-01
8.106913792485443970e-01
7.418556557886795133e-01
5.300461881646958417e-01
9.408119321473287222e-01
7.995111154702541079e-01
6.246956899607702951e-01
9.022912718154438849e-01
4.704146260997466023e-01
6.790389907786562596e-01
5.642811199781267995e-01
5.176514192403769421e-01
7.003726931348821516e-01
1.055979422539921497e+00
1.112828623759337443e+00
5.348855097953069127e-01
2.630904050031350749e-01
2.150795379188452650e-01
-3.480733398865281103e-01
-1.622365179460878659e+00
-2.215259811638635501e+00
-7.424405390899273538e-01
-8.534653512893144445e-01
-2.109421330823680663e+00
-2.412789842688354724e+00
-6.152856192177114103e-01
4.773086409556399623e-01
2.465829240782397846e-01
2.409477057040603221e-01
6.725953997021698605e-01
5.595928797717841796e-01
5.371672050102840323e-01
-3.261196402204289413e-01
-2.304249793161501358e-01
1.279473624999987180e-01
3.919613335538123522e-01
1.663748263783761949e-01
2.531057052045588840e-01
-3.544690601491833348e-01
3.161047242942665036e-01
3.804411043840585371e-01
-1.898686511072087413e-01
-1.249067840271418595e+00
-2.560374603041566388e-01
6.269328956131023922e-01
4.547030643102556446e-01
6.168733734254066015e-01
7.822045936813903921e-01
1.117325363032487751e+00
4.711958462894418886e-01
-4.657143942111479085e-01
-1.273712321931994573e-01
3.650918083698484473e-01
-6.177791855166105961e-01
2.394619651765408364e-01
5.545709710734092468e-01
3.871466670237615482e-01
6.602625526541450185e-01
5.182094718441523362e-01
5.848402238032321954e-01
6.212442120712253768e-01
6.616838267147566732e-01
4.911650783767935735e-01
4.169190835447893484e-01
6.348221944465968214e-01
2.333098870160417171e-01
4.296657351201234043e-01
3.871348667104408392e-01
4.302535202577963958e-01
4.669682653697964092e-01
-7.992012926452134458e-01
-1.707164747539599903e+00
-1.755275538049667627e+00
-3.896184564671480999e-01
-9.920296818983871390e-01
6.708945329774440580e-02
1.946017234494950010e-01
7.209406494104539931e-01
3.827216204580983216e-01
6.157176543986007111e-01
3.663249962755763534e-01
4.556784350579534681e-01
3.293088565933297573e-01
4.498042590667452600e-01
-2.982309660937851881e-01
4.964374561163520383e-02
4.335220399620309806e-02
-5.220784111810954364e-01
-1.632609057091306548e+00
-5.637406634144079831e-01
1.288595037426500944e-01
-2.578047132918346307e-01
-6.231660018382800814e-02
-1.275274815891620506e+00
-1.763997910160093330e+00
-7.762346390830565657e-01
5.958126380031325553e-02
-4.487591567042814589e-02
3.197125485192509053e-01
-2.863704727442821785e-01
-3.147252510938041148e-01
-5.960860495643949264e-02
1.606911772380854586e-01
4.025528876523596367e-01
2.986891910435858222e-01
-6.557117448082681044e-01
-6.834520644572705805e-02
4.606556412808529011e-01
2.604931474021618953e-01
4.449826270496539671e-01
5.439472880714868452e-02
-2.341284144734117056e-01
-5.217437283146808547e-01
-6.184880695272894080e-01
-4.180850266690319117e-01
-2.834356627470331347e-01
1.709011386722361081e-01
-1.356393716390611459e-01
1.526474564235282827e-01
3.139199773475711552e-01
7.220725180228146911e-01
1.038977474744952278e+00
7.848251700324335722e-01
1.085622113025781932e+00
7.911208645887426449e-01
1.089479541462308188e+00
9.709128683556067507e-01
3.864196090294407249e-01
3.157253864487534756e-01
2.286852999356812077e-01
-2.185878947928259208e-01
3.773375428732275161e-01
2.269927359573746806e-01
3.124781496708468609e-01
8.106688702764528465e-01
5.901838713454830021e-01
-5.074787074833979617e-01
-1.418426964666741563e+00
3.958472918023185905e-01
-3.749881139467712288e-01
-8.518200886420881357e-01
-1.556722230473099877e-01
-5.364502736074996392e-01
-4.783512349661478424e-01
1.543620476494136362e-01
1.455453442792791208e-01
-1.632887588828477732e-01
-5.303791527987828935e-01
-9.470766458243098374e-01
-5.922645610124464000e-01
-1.472511841826982693e+00
-2.093386268502761105e+00
-1.241044976757782026e+00
2.494508586932444594e-01
5.441607158881649475e-01
3.074086187682252280e-01
5.467553337447252915e-01
6.161333863676934364e-01
8.794791030231077222e-01
7.128820892073202131e-01
2.892141934044896168e-01
-1.076746547181778091e+00
1.902735159972457346e-01
4.889528869398467315e-01
4.042187783142616730e-01
1.085989399512712339e-01
-6.445577553810752924e-01
-6.417877595187571060e-02
4.501223484165040034e-02
3.711049967811250738e-01
7.826845023798751910e-01
2.998088279467299166e-01
7.888685246301299081e-01
6.163826821352227370e-01
5.322591713555273607e-01
7.169938386615060111e-02
-5.626373083839899536e-01
-4.299667528251216453e-01
-6.208761634305672850e-01
1.401070125462351434e-01
3.042230430307522049e-01
5.846786054295511903e-01
3.003158723585030998e-01
6.879646531190743985e-01
1.066414205300187934e+00
1.172093450690389282e+00
1.028473251432415303e+00
9.401529761407765307e-01
1.332716337357569003e+00
-1.334918541639664724e-01
8.383396452572355884e-01
8.599986553688379054e-01
9.488761303721813256e-01
7.885119690345905319e-01
3.285005027601859418e-01
6.643956290642742957e-01
3.798807228022447191e-01
3.444969347963513506e-01
1.041982999687185441e-02
4.076900565858712078e-01
-1.682781753101137756e+00
-1.108286782989217789e+00
2.978540337499895330e-01
1.393131322488216917e-01
4.850604681297805421e-01
5.601583202038575848e-01
9.641370701971627710e-01
-2.182737197413198160e-01
-1.997294469903633463e+00
-5.503204727074426650e-01
-1.034850655176164924e+00
-1.188061968321737938e+00
-1.812503960712330553e-02
4.903120214108169783e-01
7.970398093572681475e-01
8.528373813152643201e-01
6.603291644532931493e-01
5.279806293038102893e-02
3.967516152264698448e-01
6.711862285640322057e-01
6.395050135430921934e-01
6.944952507855703949e-01
8.241213171186223541e-01
9.858533744837041368e-01
6.992377261157023405e-01
1.798142967593912012e-01
6.297643293953516519e-01
-3.997429935691987346e-01
4.525969388711410524e-01
6.763304478326941371e-01
5.306442522677978779e-01
-2.535197735349044024e-01
8.440581602751380252e-01
9.157972329681554058e-01
6.639727274799973600e-01
1.434131369132440881e-02
-5.779166431426974171e-01
5.664896915056454318e-01
1.146072197355018751e+00
4.539707041593694647e-01
-9.914843404559059437e-02
5.548322350215073584e-01
8.903290125872476146e-01
1.020107144257695886e+00
7.920286398568818775e-01
3.329086153574989382e-02
1.471744985728178357e-01
3.752858322598111585e-01
6.101469591480834787e-01
-1.314606422215887305e+00
2.379412542286818422e-01
1.799575700574744808e-01
5.695238918093314950e-01
3.915190585961849656e-01
-1.262248236620777675e-01
-1.112975482791788817e+00
1.077369094346143363e-01
7.597721109640063197e-01
7.787117504686733582e-01
8.407171317558059798e-01
9.085307773570932000e-01
1.288367164133468634e+00
4.851307479287809699e-01
5.790350233232910426e-01
2.686957585179952090e-01
6.676180222456746804e-01
2.576396435560388554e-01
1.258422344369892532e+00
1.116693657675502216e+00
-4.385219768979808919e-02
4.108715242837308601e-01
6.352081269089602245e-01
4.698435225167356677e-01
7.394027914696490456e-01
9.114174039560873908e-02
9.095766525842781114e-01
1.174684726358679931e+00
4.874761624419070571e-01
-1.921457022390602454e-01
-1.768469664457894552e-01
-5.220958968027598068e-01
-2.427034210647716073e-01
-8.743868462790604923e-02
2.635300713664103789e-01
4.151928099050219423e-01
4.939453664142283706e-01
4.203864626583189157e-01
6.975083304383171701e-01
-9.105674760747373142e-02
6.606190552621882262e-01
3.897131516574385834e-01
2.491238399731932063e-01
5.837839841381602390e-01
3.771528082287880501e-01
8.169020630730634558e-01
4.326936380957091544e-01
7.687007217736785414e-01
3.474862033645109705e-02
-1.605828483873246171e-01
3.600524936316240598e-01
4.222376919199835044e-01
3.932470275644979196e-01
1.762462876158945591e-01
-2.992694667531092811e-01
4.570054050652494482e-02
4.408225720614487031e-01
6.459420312452022195e-01
8.581071440320822141e-01
7.498319755147919707e-01
5.924003847333079165e-01
7.963910238190052837e-01
9.301877214519262971e-01
1.064104266096939089e+00
1.202125216411929376e+00
9.975765157912328540e-01
-1.081385802316483513e-01
3.997869273952874281e-01
1.255042572681706048e-01
2.744040146930712964e-01
6.366173774302859023e-01
6.597197808329875457e-01
2.154070396953460254e-01
-5.984589315961539313e-01
-1.206534291848188056e+00
-5.668586917750046972e-01
3.549909748105912755e-01
1.364344340130951849e-01
3.034323278622199638e-01
4.867754441869589499e-01
-4.890482661024542210e-02
-5.165897803299879243e-02
9.332842739021618428e-02
3.051625282358974012e-01
6.926597691185851779e-01
6.340734421065796766e-01
5.009985199312878557e-01
1.198839007922161137e+00
1.198257707723096921e+00
1.002200847849072485e+00
1.157288832748142315e+00
2.768781891754805713e-01
8.186856067332826115e-02
3.157140820253090396e-02
5.460497514768820615e-01
-4.977232239024953486e-02
5.335083678830350173e-01
8.454795573844910983e-01
1.018352908242786459e+00
1.230318670771242573e+00
1.076599629497307031e+00
1.290948751966030095e+00
7.377448379230560072e-01
1.129316898809245906e+00
1.103672141504844273e+00
9.384774891090676974e-01
8.572928485229152074e-01
7.099407267275066324e-01
5.479886683861985297e-01
5.752511327607616742e-01
6.710865152296987546e-01
3.249354946304832126e-01
2.418286664038311606e-01
5.087284025401221932e-01
1.324488358771067631e-01
-4.174393633027895234e-02
-9.310852214205045385e-02
2.706832724399785839e-01
-4.361529960676189255e-01
1.012599381965375578e-01
2.836343226344602009e-01
4.366079157257316545e-01
4.052516282149580817e-01
5.966097936644620958e-02
3.204165484541676712e-01
3.590434000334936648e-01
1.508100571116561817e-01
-7.719311692930130864e-01
-9.642478692897964443e-01
-4.271970921625736217e-01
-1.299752643881051384e-01
6.851080098980366628e-02
2.080840317658712024e-01
1.196767272408942873e-01
-1.615566885324417612e-01
-3.042403874065628955e-01
-1.320069844666504899e-01
7.072293639513871355e-02
2.219552878592487843e-01
4.769238232934926991e-01
1.820031719836987527e-01
2.633147267626880783e-01
3.247948653914045636e-01
-6.864467512241656522e-02
5.379250410927660653e-02
-8.945156783696139868e-02
6.651568659232998115e-01
8.762005302572188903e-01
6.775335310058534510e-01
7.145602433451774260e-01
7.957023493417447746e-01
4.698726973734426160e-01
7.311270961379170430e-01
7.384526941087976581e-01
7.834248642128804896e-01
9.597091132638815303e-01
8.118020206534670713e-01
7.661786754783488362e-01
8.255714778386087360e-01
7.100661209360361603e-01
1.910480052872722823e-01
1.987465639196717149e-01
3.299554196117306937e-01
1.154137820020064709e-01
3.160858287739221062e-01
2.260328627399461610e-01
-9.639470266605378868e-01
-1.369081622778423268e+00
-1.681257122671530047e+00
-1.896663420080693996e+00
-1.855419355322655894e+00
-2.011997144201989940e+00
-1.364679707561502919e+00
-8.146735068861410412e-02
5.570679026866431904e-01
5.476278448027542822e-01
6.782860742947560695e-01
5.874601543834918616e-01
7.291121439075394228e-01
7.933278518631547982e-01
8.617019326091490683e-01
8.609235074190397796e-01
5.711864259950747424e-01
5.631280354329040172e-01
3.556105247991734331e-01
6.281480486590789170e-01
3.957380202297242633e-01
2.989499031716911226e-01
5.216525644448815058e-01
5.379875228097175111e-01
4.317764894327713598e-01
7.226370565147188785e-03
-2.590464662377156557e-02
2.125801006160532580e-01
5.411964886069777769e-01
5.867459313215594996e-01
6.721497033701999690e-01
6.988195362614968431e-01
6.882635983631248955e-01
6.075274834449455597e-01
8.328086695295175979e-01
6.067239398334649536e-01
3.607069110727390004e-01
-5.495322389276608988e-01
-6.338210158996671062e-01
-3.345965691152397170e-01
-4.574763612720285089e-01
-6.894031774850111205e-01
-4.262606598634071098e-01
-5.033233456519772275e-01
-8.046613576052712435e-01
-6.169399100410122294e-01
-6.120433971843279863e-01
-3.035561282722176735e-01
-1.126362554066975941e+00
-1.002799887248031263e+00
-1.118759516685655431e+00
-1.368582231293772322e+00
-1.521247444320964259e+00
-1.573620716435684574e+00
-2.560710827949552737e+00
-2.740114694213236834e+00
-2.585015892832715600e+00
-2.681379645605137529e+00
-1.648361313744607148e+00
-1.077674225679010167e+00
-1.650711962149609136e-01
-1.338218373739414435e+00
-7.655448783862079942e-01
-9.815444524478862398e-01
-1.900554458209985587e+00
-9.888452793469355573e-01
-1.380784599367720578e+00
-1.456087615249318956e+00
-8.854277790744438104e-01
-4.886234227955021936e-01
-6.157902479202914670e-01
-1.035458687017340340e+00
-7.351742815302202416e-01
-1.224473960740415368e+00
-1.095349091994997082e+00
-1.090735159009514232e+00
-6.452860800447046685e-01
-4.401227026147362942e-01
-4.834342908369286818e-01
-4.133591702092287434e-01
-3.610530583744639976e-01
-5.449793025730160778e-01
-3.577265330328440740e-01
7.520937530059379483e-02
1.838037317859519959e-01
-2.009601437774488630e-02
-2.627388328729152178e-02
-1.780207895737149215e-01
-4.431600343774224626e-01
-2.060704812502303085e-01
-2.314839199906111311e-01
-9.883794083807806441e-01
-1.371697157901181630e+00
-9.902717864908217038e-01
-5.271715522170410395e-01
-4.393908821558536459e-01
-6.555966103837160830e-01
-1.353622180287432641e-01
-1.243532951650396789e-01
-2.809865722502666863e-01
-5.934181011867512012e-02
3.780469478638348590e-02
-6.496288373844647523e-01
-1.315415165111572637e+00
-7.385157815704663786e-01
-8.854788818001102513e-02
-8.067568439471928254e-01
-7.959170776128345892e-01
-8.845904086933114030e-01
-1.649139454792671211e+00
-1.603215519019115298e+00
-1.203257764514104045e+00
-9.679572123087654134e-01
-7.212453111323600119e-01
-8.339984473714929791e-01
-4.149534374401562253e-01
-3.886554443696623728e-01
-2.128523350313820117e-01
-4.135173808565086873e-01
-3.910593632377961093e-01
-8.123523346343966001e-01
-7.591563800188696476e-01
-1.025967314050391765e+00
-1.749558668182720211e-01
-4.161085455307445002e-01
-4.370538926530280754e-01
-3.448727523282850704e-01
-9.249359268561692105e-01
-4.707017409015006315e-01
-2.900792243860759179e-01
-3.859777603758742792e-01
-9.760803082219766669e-01
-5.194305398587100164e-01
-3.325109159607260167e-01
-3.558049838589805169e-01
-9.719013354620134049e-01
-7.924424136939127727e-01
-2.474205565656735217e-01
-8.962032126742829341e-01
-7.270222422258330042e-01
-7.049568585077241600e-01
-1.650742963524838292e+00
-2.061085482955162806e+00
-2.418356489992263825e+00
-1.297362275693100697e+00
-4.615641151804070752e-01
-3.007213702686928336e-01
1.692786703024604655e-01
-8.485353456901822966e-02
-9.121247473634810365e-01
-1.893404037155065112e+00
-2.196623286519680640e+00
-2.580829463329508577e+00
-2.162319294119558588e+00
-2.135132743265056199e+00
-2.242491431140975156e+00
-1.759633358361551547e+00
-1.820845268319293275e+00
-2.038152587840236674e+00
-1.754743006525431914e+00
-1.712675870696531710e+00
-1.789243460006801012e+00
-1.235396665426548024e+00
-8.419876169673075061e-01
-7.605058861928459812e-01
-1.321766112354030298e+00
-8.996540727336237442e-01
-1.414378362648120335e+00
-1.307687732827540694e+00
-8.998143874055577474e-01
-1.098730559288727093e+00
-1.361137919863047108e+00
-1.725165750059519887e+00
-2.002635498924686175e+00
-2.221403645005390004e+00
-1.888666248606994502e+00
-1.759065064824895774e+00
-1.478982257711502379e+00
-1.771370312666963986e+00
-1.315554869533386295e+00
-1.293806954226699890e+00
-1.282898960836420965e+00
-1.096954510129644511e+00
-1.173540368804567580e+00
-3.842907488600793009e-01
-1.506953557672939592e+00
-1.630046425932852872e+00
-1.595720440799877293e+00
-1.981766543705220318e+00
-1.204667370183086339e+00
-1.199189033238299729e+00
-1.799142523633209922e+00
-1.534688011807044061e+00
-1.716914841811469694e+00
-1.584203708280543133e+00
-1.887780966478479705e+00
-1.597398364457552455e+00
-1.404258641695968368e+00
-1.354741832072367425e+00
-1.960066212991421253e+00
-1.764295550754208186e+00
-1.420963427947496971e+00
-1.115058204360134475e+00
-1.556971817257384094e+00
-1.140475024553908812e+00
-2.026753992862873943e+00
-1.516942009472254327e+00
-8.600084681092146077e-01
-6.145339387667090314e-01
-2.339528541101234538e-01
-8.868526197134098954e-01
-4.824497517501318278e-01
-3.318119414357107999e-01
-8.582198761679484811e-01
-6.109666817564933794e-01
-2.687718272269736808e-01
-5.258820080680868259e-01
-1.559234252947323540e-01
-5.590249387118184643e-02
-7.907639176056813213e-02
-2.677178220518512397e-01
-2.214249668622301215e-01
-8.636213818103291029e-01
-2.540149571233500936e-01
-9.077767439699719887e-01
9.786661901861881674e-02
-7.214838835648949011e-01
-5.166648650292100520e-01
-2.130237130256054101e-01
-1.004471012085872417e-01
-1.542401210716533022e-01
-2.825779667275876150e-01
-5.704382049310479097e-01
-8.518130311181983938e-01
-4.928710345917357571e-01
-2.331806142189027931e-01
-3.181708069885682555e-01
-5.274688098904434241e-02
-4.448761153610125696e-01
-1.173598217245124253e-01
9.093993690013535414e-02
2.612110267937284291e-02
1.403065980046269701e-02
8.593716065354728428e-02
-8.738554027355682763e-03
1.874181098022584813e-01
4.188057165679914817e-02
1.231716110977689738e-01
2.213945119386075966e-01
1.323802365051607310e-01
-1.017189494377053860e+00
-9.270188455493049151e-01
-1.705425072571584710e+00
-6.936717779537602269e-01
-3.600310841541767282e-01
-1.015206375669785333e+00
1.036142390439005467e-01
-8.269955601256739897e-02
2.433262156675302101e-01
-5.207352335267767529e-02
1.409019574908407790e-01
5.069108110358366837e-01
3.053052810572518538e-01
-9.497074928166826524e-02
7.812344459033973010e-01
-3.533358552417364962e-02
2.676930013107505779e-01
4.015218777468412270e-01
7.119870701599491092e-01
4.773792826951406276e-01
4.660364783151482726e-02
2.625683964866283304e-01
-4.686864087141286994e-01
-1.964855054483005681e-01
3.440883117036008798e-02
2.635439428159580544e-01
3.453094186763658868e-01
9.279724939760569669e-02
-1.535458341400808280e-01
-2.035014410220590264e-01
-2.663220554411585006e-01
2.731997004873898405e-02
-2.560713910102063728e-01
2.294253692251420063e-01
5.419228142970280437e-01
-5.673490303269370649e-01
1.227533738856827483e-01
-9.675397388159059364e-01
-6.020439733421731887e-01
7.579774187604071400e-02
2.002641561901015166e-01
1.992256879348155429e-01
2.596260764035278612e-01
1.316693218076196992e-01
-1.374029318144489586e-01
-1.500974279536455569e-01
5.160174877310286234e-01
5.400654514357405844e-01
4.271821918849743049e-01
-5.169202886519008722e-01
-7.547930661210486836e-01
-1.358488311068046794e+00
-1.362664146309611413e+00
-8.107986921241023826e-01
3.389077061196972274e-01
1.150317950030701475e-01
-8.064717139598065465e-01
-1.794471332643626793e+00
-2.491427422194876229e+00
-1.908765953005655103e+00
-1.573896663972743193e+00
-1.045718454075502235e+00
-1.615067616885232038e+00
-1.054841565742546283e+00
-1.510093946099769102e+00
-1.092455538302385287e+00
-9.271784104133014015e-01
-1.219260563040986955e+00
-1.146275681680711367e+00
-8.296060392203914446e-01
-7.054634126629633073e-01
-6.195348528075594885e-01
-7.177378397630373996e-02
5.392452495508788246e-01
5.880176794714122579e-01
5.970639839337663624e-01
9.051270168023348717e-01
9.833149824933631322e-01
1.077077761860501415e+00
4.202860083851200912e-01
4.110245987718563754e-02
5.688819309736374841e-01
-6.563878233163897846e-01
-9.804324484645783322e-01
-1.853084146725771930e+00
-2.144638565985534484e+00
-8.775566239077936537e-01
-1.496700792090965848e-02
6.434202434739306753e-01
6.140141032056507520e-01
7.300897233721248547e-01
7.720551481218258516e-01
8.435981316324450141e-01
7.288318041186028218e-01
8.360735021466876304e-01
6.625440291816930838e-01
6.911800871886462083e-01
6.451696538940874248e-01
3.925283768233480686e-01
-4.487332231237162183e-01
-6.000962116006354208e-01
-1.250957709275789531e+00
-1.180381407173876296e+00
-5.660009524306963691e-01
-4.069213854375650641e-01
-4.490777058939041666e-01
-9.194078646341550254e-01
-6.979653736770545791e-01
-2.345876326000322365e-01
6.636801481548197934e-01
1.081096111544372018e+00
9.952025093370120423e-01
4.624451814814949380e-01
7.292928967912897242e-01
1.867066676477064924e-01
3.389127350741283351e-02
1.750603086954183318e-01
7.808283123178649809e-01
6.531821935862387463e-01
6.782569302045335924e-01
4.597418002404056736e-01
-3.339420056614996746e-01
8.016787014998394412e-01
1.011079206928657381e+00
1.184554587295294503e+00
1.265864991659746419e+00
1.371901185913347199e+00
1.338635580502106848e+00
1.414730262419689133e+00
1.242312808690017700e+00
1.562930538429009530e+00
1.377135110970039378e+00
1.391307409445493803e+00
1.498835589590536088e+00
1.494012315420744308e+00
1.474354449533567646e+00
1.575737521956138032e+00
1.447264828095923939e+00
1.670841251549943784e+00
1.606852964609212897e+00
1.571874130317135076e+00
1.695832643500825299e+00
1.673754058271839540e+00
1.299642707952677334e+00
1.785414522916214608e+00
1.633161656210131873e+00
1.586803629763131163e+00
1.509225920813351607e+00
1.455608729449576089e+00
1.429646434658931931e+00
1.436635611417300673e+00
1.623958006232987472e+00
1.389824246484509196e+00
1.690324936790480237e+00
1.549725909987811789e+00
1.290203855326844895e+00
3.166075218835842087e-01
-1.369065462891282170e+00
-1.907779354038972031e+00
-1.075507697484421543e+00
-1.790674044810678156e+00
1.135956236114101792e-01
8.831336521601125256e-01
1.161595226215510923e+00
7.123104451475046339e-01
1.190482010250570877e+00
1.154430587731002156e+00
1.227031107886549677e+00
1.083349549721663863e+00
8.776727433585085336e-01
5.265405565661906984e-01
6.303004549488386843e-01
5.825558030748450022e-01
1.104605471454093379e+00
3.355175517120652096e-01
4.492867271497225090e-03
6.119408513467727850e-01
7.422124563520986484e-01
1.141152846606097171e+00
9.320173638059801036e-01
9.877092315725044536e-01
8.820248062049143023e-01
1.160950595241453165e+00
1.286892913276053818e+00
1.407172979620913367e+00
1.397017913648833876e+00
1.015681982825061169e+00
1.231765023725978736e+00
1.714933230191776126e+00
1.632442666283025368e+00
1.298599577636495361e+00
1.249771624792176183e+00
1.165120019580588639e+00
1.463450206836948375e+00
1.230168947097416421e+00
1.506339383153329159e+00
1.523428321908771643e+00
1.487479077457747323e+00
1.471580099730654290e+00
1.528072604830513548e+00
1.516728226393026624e+00
1.380444751161707728e+00
9.598736540578367560e-01
1.367302761755238905e+00
-7.299710458265422641e-01
-9.256452375649733000e-01
-8.589285512344435602e-02
1.204017206988261535e-01
1.552398198991995493e-01
5.096262759004361875e-01
9.691522643551757632e-01
3.885120734218596716e-01
1.234092541731207859e+00
1.353902483884989572e+00
1.491932917764218658e+00
1.509930510715260077e+00
1.538459250893158270e+00
1.470159462743863443e+00
9.101700253067419588e-01
9.817528650672087132e-01
3.303970088548613404e-02
-9.665677602503854882e-01
-1.755071916167978419e+00
-1.386717713438358812e+00
1.420866937699698518e-01
-1.170458786995612455e+00
-1.527409765422039545e+00
-3.428344320213696506e-01
-1.556039640496797993e-01
-7.702721150779783255e-01
-2.029853323654030373e+00
-1.358552195420797082e+00
-8.766680963646056313e-01
-2.155472695457172350e-02
5.145248068856287382e-01
4.851300202768342729e-01
4.996680522394316704e-01
1.534059881590001950e-01
-6.785957253203633854e-02
4.889036710328218405e-01
8.606922151783384933e-01
1.023650314916363602e+00
1.359594883109799035e+00
1.174354152976385013e+00
1.395604577257284262e+00
1.261410378675503541e+00
1.346196491956249019e+00
7.865919267351326738e-01
1.086404804046359196e+00
2.210614248763920209e-01
8.130571570294220507e-01
1.025265084195410292e+00
8.012813251943873283e-01
9.661207913509941569e-01
1.301581163432720345e+00
1.213705358591101735e+00
8.068343931114330125e-01
1.600123111899525163e+00
1.200972854700616210e+00
1.331496379324438983e+00
5.765337937940588908e-01
8.657339041198373053e-01
7.155435218956278653e-01
5.978359718368366771e-01
5.253063060368430293e-01
-7.466368833127154936e-01
-4.481463943477930201e-01
-6.199810642109304659e-01
-1.624168759571120502e+00
-4.436652554595248432e-01
-1.302226495222491565e-01
2.297430228909136396e-01
-1.734510268239123576e+00
-3.882406657526384919e-01
-2.141543295628318688e-01
-1.716536051792550088e+00
-3.056900574130638759e-02
3.465782719878505169e-01
1.120380386122112881e-01
2.258979560636573680e-01
-5.707804634616993056e-01
-3.922027205133993277e-01
6.759829560737626863e-01
5.011022749643823104e-02
-4.552584470353369106e-01
-1.210790221993256699e+00
-7.307172176408842645e-01
-9.506308590010945636e-01
3.114746279493005865e-01
-2.010872575594782941e+00
-6.590672372347627928e-01
-1.045682489101193102e+00
-1.106678526371634996e+00
6.464165985289298533e-01
1.397500751339897818e+00
1.409813721828956368e+00
1.398401447404692632e+00
1.235733743748504754e+00
9.340291389503496688e-01
3.318474907400128515e-01
-3.080877729355999683e-01
-1.920990349292464039e-01
6.602430476710847707e-01
1.383118491014236007e+00
1.335792459948379474e+00
-1.988367148144507546e-01
-1.691417949785622987e-01
7.730733853838303027e-01
1.125241772402131968e+00
1.265413858129174063e+00
1.228922975044852262e+00
1.207699599609650232e+00
1.437614920866121970e+00
1.017365711160079123e+00
1.536270781058425960e+00
1.061834903279773368e+00
1.178508019029517406e+00
9.384485841299916586e-01
1.341326775768917123e+00
-2.804256189872322835e-01
5.066218410931808691e-01
1.159220279468525572e+00
1.321854711286391648e+00
8.770019092092291579e-01
-2.779711185414024399e-02
-1.795935860638415260e+00
-6.414847849803675395e-01
7.123035934672028446e-02
8.135056989401716621e-01
1.092570833089516746e+00
9.298371324502934243e-01
8.647413702708197647e-01
6.779146124811901153e-01
2.896361939188172308e-01
4.475120869383366617e-01
4.013108708158594773e-01
5.370400447757361917e-01
1.227464229504675153e+00
9.962663692257276438e-01
4.459325408070600183e-01
9.118814119173888066e-01
1.234524904460858608e+00
6.169799954961612265e-01
1.113672472699130278e+00
-6.274421588847145514e-02
-3.653511594902214554e-01
-8.436205634515756557e-01
-1.392675854411247638e+00
-1.744005473767275216e+00
-3.482044892281259685e-01
-9.965619007521040462e-01
-2.745182493697262416e-01
8.071570301819859239e-01
9.761836834264525642e-01
1.048570974348984386e+00
8.790999447700897917e-01
7.473152374813647469e-01
4.739789014908541986e-01
9.526169952827894249e-01
1.168677108850904034e+00
1.003826469379007325e+00
-4.879860126325703540e-01
-2.877983814809694785e-01
3.700207630222909216e-01
3.988736967407922052e-01
-1.431358225096355685e+00
-2.420800812433330229e-01
-3.764512666805388541e-01
-6.966887980588465368e-02
9.038415278324425373e-01
1.287176334297877034e+00
1.230086106816413061e+00
1.079351185327326768e+00
-2.942134953268116249e-03
-5.688949848201296788e-02
7.183545555199510879e-01
1.019825603470957631e+00
-1.327710836057285571e+00
7.037123381999821348e-02
4.096563216810094055e-01
-1.023058099293416845e-02
6.985679856869353443e-01
8.031257072246242856e-01
-7.433779015857253647e-01
-8.203140122894934105e-01
-1.844875968440572223e+00
-9.830869856529529383e-01
3.018204351816091702e-01
3.291944050403516897e-02
-1.213351859747011652e-01
2.006919277268397472e-01
6.476253235176336887e-01
8.079262331644967432e-01
5.033621514133552743e-01
7.703876556430642175e-01
2.673304837193040129e-01
9.294857586260412141e-01
9.504713047133277470e-01
1.124273501323644009e+00
9.336016080052909061e-01
9.085354657663460287e-01
4.056031617750899265e-01
3.991443607991120857e-01
5.038313734203767602e-01
-5.929952518218777335e-01
1.543636346319368080e-01
3.446775776872943453e-01
6.525782121073975262e-02
6.472335952479881804e-01
1.077576617146456250e-01
4.375439324068564062e-02
5.245703477987042618e-01
1.213900310977059860e+00
1.202996008593331112e+00
1.126949677629358604e+00
1.096440732971978527e+00
1.391579286428811457e+00
8.513920280401299223e-01
4.614759042161105107e-01
4.503872841634657398e-01
4.222183031418058619e-01
-5.429417812051218206e-02
5.965404887571859049e-01
8.131686213177387046e-01
8.949328135864322853e-01
7.940636411706059050e-02
2.046693272201132174e-01
-8.756082449508564292e-01
-1.792041304123282330e+00
-1.543729135443427269e+00
-1.594513226754960211e+00
-1.020972042242792588e+00
